// Start Time: Unknown
// Update Rate: 20.0Hz
// Filter Profile: human (46.1)
// Option Flags: AHS Disabled ICC Disabled
// Firmware Version: 4.0.2
0	sampleTimeFine	Year	Month	Day	Second	UTC_Nano	UTC_Year	UTC_Month	UTC_Day	UTC_Hour	UTC_Minute	UTC_Second	UTC_Valid	Acc_X	Acc_Y	Acc_Z	Mat[1][1]	Mat[2][1]	Mat[3][1]	Mat[1][2]	Mat[2][2]	Mat[3][2]	Mat[1][3]	Mat[2][3]	Mat[3][3]
0	5841297549.000000													9.768932	0.367884	-0.921562	-0.096701	-0.849226	0.519099	0.031996	0.518621	0.854405	-0.994799	0.099231	-0.022980
1	5841347560.000000													9.734339	0.394289	-0.909539	-0.096857	-0.849802	0.518128	0.032064	0.517641	0.854997	-0.994782	0.099425	-0.022889
2	5841397572.000000													9.740167	0.381329	-0.906915	-0.097066	-0.849970	0.517813	0.032320	0.517303	0.855192	-0.994753	0.099746	-0.022741
3	5841447583.000000													9.749009	0.294945	-0.952845	-0.097234	-0.849726	0.518181	0.032438	0.517666	0.854968	-0.994733	0.099941	-0.022772
4	5841497595.000000													9.736425	0.296913	-0.966851	-0.097344	-0.850319	0.517186	0.032399	0.516671	0.855571	-0.994723	0.100041	-0.022745
5	5841547606.000000													9.753837	0.387092	-0.920820	-0.097620	-0.851169	0.515735	0.032172	0.515240	0.856442	-0.994704	0.100198	-0.022914
6	5841597618.000000													9.744866	0.366527	-0.926827	-0.097668	-0.850601	0.516662	0.031877	0.516204	0.855872	-0.994708	0.100061	-0.023302
7	5841647629.000000													9.724193	0.235680	-0.930478	-0.097917	-0.850288	0.517130	0.031391	0.516729	0.855573	-0.994699	0.100008	-0.023906
8	5841697641.000000													9.751966	0.272515	-0.960720	-0.098208	-0.850797	0.516236	0.030755	0.515901	0.856096	-0.994691	0.099952	-0.024500
9	5841747652.000000													9.731100	0.363247	-0.954381	-0.098558	-0.850868	0.516053	0.030077	0.515794	0.856185	-0.994677	0.099905	-0.025244
10	5841797663.000000													9.736855	0.291707	-0.943953	-0.098796	-0.850493	0.516625	0.029129	0.516471	0.855809	-0.994681	0.099599	-0.026251
11	5841847675.000000													9.768476	0.312734	-0.948853	-0.099007	-0.850584	0.516434	0.028157	0.516382	0.855895	-0.994688	0.099281	-0.027175
12	5841897686.000000													9.733279	0.364575	-0.974825	-0.099312	-0.850057	0.517243	0.027789	0.517241	0.855388	-0.994668	0.099324	-0.027746
13	5841947698.000000													9.739692	0.213062	-0.980612	-0.099677	-0.849503	0.518082	0.027849	0.518089	0.854873	-0.994630	0.099640	-0.027984
14	5841997709.000000													9.757673	0.246804	-0.975285	-0.100183	-0.850055	0.517078	0.027293	0.517149	0.855460	-0.994595	0.099815	-0.028609
15	5842047721.000000													9.751026	0.329869	-0.987179	-0.100534	-0.850267	0.516661	0.026520	0.516818	0.855685	-0.994580	0.099728	-0.029409
16	5842097732.000000													9.732635	0.325059	-0.981418	-0.100832	-0.850204	0.516707	0.026159	0.516909	0.855640	-0.994560	0.099792	-0.029881
17	5842147744.000000													9.762507	0.296397	-0.970604	-0.101031	-0.850329	0.516463	0.026062	0.516679	0.855783	-0.994542	0.099920	-0.030040
18	5842197755.000000													9.763191	0.327957	-1.007914	-0.101399	-0.850307	0.516426	0.026430	0.516616	0.855809	-0.994495	0.100428	-0.029910
19	5842247767.000000													9.751641	0.366420	-1.031085	-0.101526	-0.849429	0.517844	0.027406	0.517948	0.854973	-0.994455	0.100994	-0.029306
20	5842297778.000000													9.745365	0.379313	-1.006437	-0.101951	-0.848501	0.519280	0.029234	0.519219	0.854141	-0.994360	0.102261	-0.028129
21	5842347790.000000													9.740342	0.327640	-0.971008	-0.102347	-0.847929	0.520136	0.031169	0.519891	0.853664	-0.994260	0.103582	-0.026781
22	5842397801.000000													9.692575	0.265978	-0.973043	-0.102702	-0.848005	0.519942	0.032210	0.519596	0.853805	-0.994190	0.104435	-0.026049
23	5842447813.000000													9.722601	0.172672	-0.991745	-0.102522	-0.847811	0.520293	0.031460	0.520024	0.853572	-0.994233	0.103878	-0.026641
24	5842497824.000000													9.757431	0.263813	-1.015527	-0.102149	-0.847630	0.520662	0.029768	0.520561	0.853305	-0.994324	0.102664	-0.027943
25	5842547836.000000													9.754918	0.409843	-1.000629	-0.101653	-0.846179	0.523113	0.028669	0.523127	0.851773	-0.994407	0.101582	-0.028919
26	5842597847.000000													9.688933	0.209138	-1.011113	-0.101300	-0.844624	0.525688	0.027986	0.525778	0.850161	-0.994462	0.100833	-0.029624
27	5842647859.000000													9.750318	0.179864	-0.949918	-0.101048	-0.843805	0.527051	0.026641	0.527278	0.849275	-0.994525	0.099859	-0.030801
28	5842697870.000000													9.734579	0.194706	-0.979385	-0.100885	-0.841958	0.530027	0.024022	0.530528	0.847327	-0.994608	0.098215	-0.033296
29	5842747882.000000													9.756557	0.237923	-0.993571	-0.101449	-0.839396	0.533968	0.021547	0.534757	0.844731	-0.994607	0.097202	-0.036164
30	5842797893.000000													9.743007	0.277062	-1.062233	-0.101980	-0.838916	0.534622	0.019426	0.535642	0.844222	-0.994597	0.096479	-0.038328
31	5842847905.000000													9.784609	0.148728	-0.953810	-0.102344	-0.838711	0.534874	0.018740	0.535976	0.844025	-0.994573	0.096404	-0.039137
32	5842897916.000000													9.680886	0.351190	-0.990154	-0.104015	-0.841918	0.529486	0.017925	0.530700	0.847370	-0.994414	0.097630	-0.040110
33	5842947928.000000													9.734577	0.681930	-1.050376	-0.104537	-0.845715	0.523295	0.017344	0.524548	0.851204	-0.994370	0.098058	-0.040167
34	5842997939.000000													9.779372	-0.076314	-1.184949	-0.105156	-0.846542	0.521832	0.020907	0.522744	0.852234	-0.994236	0.100528	-0.037271
35	5843047951.000000													9.748665	-0.061950	-0.889739	-0.106423	-0.849170	0.517286	0.023426	0.517954	0.855087	-0.994045	0.103119	-0.035229
36	5843097962.000000													9.685484	0.007446	-0.946622	-0.106072	-0.851822	0.512980	0.022349	0.513718	0.857668	-0.994107	0.102440	-0.035454
37	5843147974.000000													9.727387	0.270755	-1.044933	-0.105999	-0.853440	0.510299	0.020297	0.511226	0.859207	-0.994159	0.101433	-0.036867
38	5843197985.000000													9.763483	0.150253	-1.079952	-0.106564	-0.853680	0.509779	0.019050	0.510851	0.859458	-0.994123	0.101298	-0.038176
39	5843247997.000000													9.721352	0.225265	-1.007631	-0.106286	-0.855611	0.506589	0.017943	0.507742	0.861322	-0.994174	0.100636	-0.038613
40	5843298008.000000													9.734820	0.251835	-1.038928	-0.106137	-0.857135	0.504038	0.017710	0.505191	0.862826	-0.994194	0.100504	-0.038440
41	5843348020.000000													9.798195	0.234268	-1.018336	-0.106073	-0.857927	0.502702	0.017813	0.503834	0.863617	-0.994199	0.100561	-0.038161
42	5843398031.000000													9.746473	0.158254	-0.970949	-0.106343	-0.858407	0.501825	0.017939	0.502949	0.864130	-0.994168	0.100896	-0.038086
43	5843448043.000000													9.693082	0.128145	-0.967839	-0.106908	-0.858535	0.501487	0.017548	0.502670	0.864300	-0.994114	0.101200	-0.038674
44	5843498054.000000													9.738803	0.103769	-1.018438	-0.107290	-0.857959	0.502389	0.017501	0.503598	0.863761	-0.994074	0.101465	-0.039016
45	5843548066.000000													9.728090	0.082138	-1.009696	-0.107759	-0.857781	0.502593	0.017805	0.503791	0.863642	-0.994018	0.102014	-0.039016
46	5843598077.000000													9.726491	0.131988	-1.093956	-0.108282	-0.858020	0.502072	0.017453	0.503323	0.863922	-0.993967	0.102310	-0.039525
47	5843648088.000000													9.739942	0.212272	-1.069609	-0.108862	-0.857929	0.502102	0.017751	0.503346	0.863903	-0.993898	0.102959	-0.039566
48	5843698100.000000													9.702065	0.170878	-1.033058	-0.109292	-0.857788	0.502251	0.018444	0.503441	0.863833	-0.993839	0.103674	-0.039201
49	5843748111.000000													9.753248	0.112024	-1.032081	-0.109755	-0.856991	0.503508	0.018965	0.504670	0.863104	-0.993778	0.104279	-0.039137
50	5843798123.000000													9.743933	0.214889	-1.081403	-0.110491	-0.856547	0.504102	0.019792	0.505211	0.862769	-0.993680	0.105306	-0.038868
51	5843848134.000000													9.744366	0.294366	-1.062126	-0.111336	-0.854898	0.506709	0.021509	0.507687	0.861273	-0.993550	0.106790	-0.038136
52	5843898146.000000													9.751091	0.184210	-1.056194	-0.112147	-0.853280	0.509251	0.023652	0.510046	0.859822	-0.993410	0.108472	-0.037018
53	5843948157.000000													9.747766	0.313919	-1.120450	-0.113247	-0.851858	0.511383	0.026494	0.511922	0.858623	-0.993214	0.110785	-0.035404
54	5843998169.000000													9.731450	0.256065	-1.093974	-0.114325	-0.851122	0.512368	0.030109	0.512544	0.858133	-0.992987	0.113533	-0.032970
55	5844048180.000000													9.735876	0.319376	-1.087599	-0.115437	-0.850873	0.512532	0.033166	0.512392	0.858111	-0.992761	0.116056	-0.030929
56	5844098192.000000													9.689384	0.304515	-1.146657	-0.116040	-0.850384	0.513207	0.035217	0.512850	0.857755	-0.992620	0.117608	-0.029563
57	5844148203.000000													9.689415	0.295115	-1.130686	-0.116699	-0.849563	0.514416	0.036177	0.513975	0.857042	-0.992508	0.118626	-0.029246
58	5844198215.000000													9.736817	0.357094	-1.168643	-0.117488	-0.849557	0.514246	0.036615	0.513775	0.857144	-0.992399	0.119533	-0.029256
59	5844248226.000000													9.702682	0.416614	-1.183599	-0.117899	-0.849434	0.514356	0.037621	0.513776	0.857099	-0.992313	0.120401	-0.028617
60	5844298238.000000													9.721385	0.397651	-1.152226	-0.118156	-0.849691	0.513872	0.038130	0.513233	0.857402	-0.992263	0.120901	-0.028243
61	5844348249.000000													9.689442	0.363063	-1.154794	-0.118604	-0.849477	0.514122	0.038661	0.513434	0.857258	-0.992189	0.121550	-0.028054
62	5844398261.000000													9.752775	0.419221	-1.192330	-0.118826	-0.849940	0.513306	0.038832	0.512595	0.857752	-0.992156	0.121856	-0.027904
63	5844448272.000000													9.719123	0.464774	-1.169589	-0.118928	-0.850079	0.513051	0.039598	0.512247	0.857925	-0.992113	0.122347	-0.027259
64	5844498284.000000													9.717288	0.385789	-1.133477	-0.119311	-0.849558	0.513825	0.040108	0.512975	0.857466	-0.992047	0.122913	-0.027129
65	5844548295.000000													9.702715	0.388577	-1.145873	-0.119402	-0.849674	0.513611	0.039656	0.512818	0.857581	-0.992054	0.122764	-0.027537
66	5844598307.000000													9.739826	0.471986	-1.181104	-0.119373	-0.850046	0.513004	0.039380	0.512238	0.857940	-0.992068	0.122617	-0.027673
67	5844648318.000000													9.733256	0.452044	-1.194030	-0.119518	-0.850058	0.512950	0.040070	0.512102	0.857989	-0.992023	0.123100	-0.027144
68	5844698330.000000													9.701826	0.376326	-1.130776	-0.119601	-0.849924	0.513152	0.040589	0.512244	0.857881	-0.991992	0.123432	-0.026768
69	5844748341.000000													9.743576	0.355439	-1.165494	-0.119715	-0.849603	0.513657	0.040634	0.512752	0.857575	-0.991976	0.123536	-0.026861
70	5844798353.000000													9.713394	0.416859	-1.178877	-0.119676	-0.849486	0.513859	0.040785	0.512935	0.857458	-0.991975	0.123575	-0.026740
71	5844848364.000000													9.703054	0.400952	-1.162093	-0.119790	-0.849723	0.513440	0.040828	0.512510	0.857710	-0.991959	0.123708	-0.026701
72	5844898376.000000													9.716469	0.481070	-1.123596	-0.119794	-0.849099	0.514471	0.041223	0.513502	0.857098	-0.991943	0.123883	-0.026512
73	5844948387.000000													9.718350	0.395485	-1.216568	-0.119418	-0.848677	0.515254	0.041203	0.514284	0.856629	-0.991989	0.123527	-0.026447
74	5844998399.000000													9.711089	0.362477	-1.128517	-0.119165	-0.848282	0.515962	0.041232	0.514989	0.856205	-0.992018	0.123304	-0.026392
75	5845048410.000000													9.719845	0.391897	-1.181897	-0.118951	-0.848380	0.515852	0.040886	0.514914	0.856266	-0.992058	0.122945	-0.026563
76	5845098422.000000													9.720430	0.388853	-1.151032	-0.118865	-0.848749	0.515262	0.040597	0.514353	0.856617	-0.992080	0.122740	-0.026682
77	5845148433.000000													9.714604	0.439031	-1.146731	-0.118864	-0.848976	0.514890	0.040459	0.513994	0.856839	-0.992086	0.122680	-0.026747
78	5845198445.000000													9.721166	0.456556	-1.154179	-0.118332	-0.848677	0.515505	0.039946	0.514663	0.856461	-0.992170	0.121939	-0.027000
79	5845248456.000000													9.715796	0.371566	-1.147299	-0.118127	-0.847802	0.516989	0.039816	0.516171	0.855559	-0.992200	0.121650	-0.027218
80	5845298468.000000													9.739396	0.390654	-1.138739	-0.117970	-0.847918	0.516835	0.039438	0.516058	0.855645	-0.992234	0.121323	-0.027439
81	5845348479.000000													9.705229	0.429460	-1.155267	-0.117849	-0.847848	0.516977	0.039317	0.516213	0.855557	-0.992253	0.121153	-0.027500
82	5845398490.000000													9.691001	0.347552	-1.152652	-0.117692	-0.847891	0.516942	0.039280	0.516177	0.855581	-0.992273	0.121000	-0.027445
83	5845448502.000000													9.740190	0.365818	-1.142449	-0.117542	-0.848331	0.516254	0.038712	0.515548	0.855986	-0.992313	0.120600	-0.027759
84	5845498513.000000													9.705914	0.421620	-1.125692	-0.117354	-0.848392	0.516197	0.037949	0.515577	0.856002	-0.992365	0.120044	-0.028309
85	5845548525.000000													9.728885	0.371574	-1.160415	-0.117331	-0.848588	0.515880	0.037427	0.515321	0.856180	-0.992387	0.119764	-0.028703
86	5845598536.000000													9.721429	0.378527	-1.107438	-0.117436	-0.848847	0.515430	0.037130	0.514905	0.856443	-0.992386	0.119715	-0.028951
87	5845648548.000000													9.715077	0.388618	-1.145095	-0.117428	-0.849418	0.514490	0.036609	0.514020	0.856997	-0.992406	0.119471	-0.029264
88	5845698559.000000													9.713615	0.409071	-1.138818	-0.117506	-0.849899	0.513677	0.036405	0.513226	0.857481	-0.992405	0.119460	-0.029366
89	5845748571.000000													9.715988	0.401000	-1.151795	-0.117316	-0.850865	0.512119	0.036222	0.511671	0.858418	-0.992434	0.119256	-0.029207
90	5845798582.000000													9.729779	0.427093	-1.146376	-0.116871	-0.851408	0.511317	0.036471	0.510819	0.858915	-0.992477	0.119030	-0.028648
91	5845848594.000000													9.766012	0.392411	-1.099017	-0.115850	-0.850890	0.512410	0.036628	0.511873	0.858280	-0.992591	0.118200	-0.028134
92	5845898605.000000													9.754060	0.369396	-1.101622	-0.113942	-0.849184	0.515659	0.036335	0.515130	0.856341	-0.992823	0.116310	-0.027840
93	5845948617.000000													9.684046	0.387623	-1.213244	-0.111827	-0.847033	0.519643	0.036074	0.519118	0.853941	-0.993073	0.114240	-0.027496
94	5845998628.000000													9.773885	0.308828	-1.415119	-0.109989	-0.843833	0.525212	0.036312	0.524654	0.850541	-0.993269	0.112622	-0.027065
95	5846048640.000000													9.756157	0.384380	-1.330998	-0.108142	-0.840763	0.530493	0.036038	0.529956	0.847259	-0.993482	0.110742	-0.027011
96	5846098651.000000													9.663052	0.285096	-1.291335	-0.104632	-0.837263	0.536697	0.037530	0.535951	0.843415	-0.993803	0.108390	-0.024655
97	5846148663.000000													9.754928	0.285176	-1.131994	-0.101234	-0.837533	0.536927	0.037411	0.536113	0.843317	-0.994159	0.105459	-0.022939
98	5846198674.000000													9.745548	0.502250	-1.067100	-0.097708	-0.838490	0.536085	0.038270	0.535098	0.843922	-0.994479	0.102974	-0.020194
99	5846248686.000000													9.710165	0.446417	-0.946935	-0.093027	-0.838449	0.536982	0.039209	0.535817	0.843423	-0.994891	0.099515	-0.016971
100	5846298697.000000													9.707506	0.104339	-0.999906	-0.087820	-0.839219	0.536655	0.038893	0.535437	0.843679	-0.995377	0.094964	-0.014383
101	5846348709.000000													9.732385	0.149578	-0.985678	-0.082048	-0.839325	0.537403	0.038217	0.536174	0.843242	-0.995895	0.089724	-0.011916
102	5846398720.000000													9.704726	-0.047094	-0.787840	-0.076110	-0.840194	0.536919	0.036105	0.535806	0.843569	-0.996446	0.083589	-0.010445
103	5846448732.000000													9.351237	-0.388688	-0.668128	-0.068676	-0.839065	0.539679	0.028240	0.539104	0.841765	-0.997239	0.073049	-0.013328
104	5846498743.000000													9.476533	-1.928305	-0.209770	-0.056477	-0.835018	0.547316	0.000638	0.548161	0.836373	-0.998404	0.047585	-0.030425
105	5846548755.000000													9.906589	-3.994538	-0.876024	-0.043664	-0.838674	0.542880	-0.060819	0.544622	0.836474	-0.997193	0.003507	-0.074788
106	5846598766.000000													11.035150	-3.100857	-1.453192	-0.039386	-0.868073	0.494873	-0.137256	0.495262	0.857832	-0.989752	-0.034138	-0.138654
107	5846648778.000000													10.167776	-1.515544	0.720594	-0.038930	-0.894158	0.446055	-0.213001	0.443560	0.870566	-0.976276	-0.061119	-0.207724
108	5846698789.000000													10.273292	0.194716	-0.191174	-0.037353	-0.903095	0.427813	-0.265999	0.421652	0.866864	-0.963249	-0.081418	-0.255973
109	5846748801.000000													9.315432	-2.044803	-0.346563	-0.037517	-0.908032	0.417218	-0.287026	0.409711	0.865883	-0.957188	-0.087267	-0.276000
110	5846798812.000000													8.652953	-1.831472	0.167139	-0.028459	-0.918129	0.395259	-0.295370	0.385486	0.874161	-0.954959	-0.091870	-0.282158
111	5846848824.000000													8.504046	-2.184167	0.046507	-0.030649	-0.915530	0.401080	-0.298705	0.391320	0.870427	-0.953853	-0.093127	-0.285467
112	5846898835.000000													8.394352	-3.561900	0.026281	-0.042419	-0.904495	0.424368	-0.295650	0.417092	0.859433	-0.954354	-0.089008	-0.285106
113	5846948847.000000													8.047300	-3.902511	0.195939	-0.068228	-0.886334	0.457993	-0.277616	0.457799	0.844600	-0.958266	-0.069521	-0.277295
114	5846998858.000000													9.107433	-5.225002	-1.062502	-0.096684	-0.865284	0.491869	-0.248674	0.499512	0.829849	-0.963750	-0.042082	-0.263469
115	5847048870.000000													9.034071	-4.753018	-1.835582	-0.103837	-0.871084	0.480032	-0.227461	0.490648	0.841146	-0.968235	-0.021846	-0.249085
116	5847098881.000000													11.737454	-2.022905	0.377175	-0.106159	-0.887163	0.449079	-0.201404	0.461454	0.864000	-0.973739	0.001275	-0.227666
117	5847148893.000000													8.932299	0.451787	-0.728960	-0.115380	-0.889431	0.442266	-0.172227	0.456409	0.872943	-0.978277	0.024550	-0.205844
118	5847198904.000000													9.788025	-0.828204	-1.356590	-0.130138	-0.867652	0.479837	-0.112206	0.493732	0.862345	-0.985126	0.058383	-0.161609
119	5847248915.000000													9.769999	-1.289156	-1.190004	-0.132231	-0.874939	0.465829	-0.062595	0.476389	0.877004	-0.989241	0.086809	-0.117760
120	5847298927.000000													9.716217	1.399623	-1.284405	-0.133735	-0.881797	0.452271	-0.018069	0.458464	0.888529	-0.990852	0.110655	-0.077246
121	5847348938.000000													9.406946	0.710517	-1.950315	-0.137654	-0.864522	0.483377	0.015722	0.486055	0.873787	-0.990356	0.127880	-0.053316
122	5847398950.000000													9.751997	-0.172704	-2.422828	-0.140255	-0.842687	0.519815	0.041625	0.519522	0.853443	-0.989240	0.141337	-0.037788
123	5847448961.000000													9.430395	-0.594797	-1.897399	-0.137077	-0.829631	0.541223	0.069054	0.537048	0.840720	-0.988150	0.152618	-0.016328
124	5847498973.000000													9.084120	0.180547	-1.653030	-0.137792	-0.834586	0.533367	0.094007	0.525052	0.845862	-0.985990	0.166693	0.006109
125	5847548984.000000													9.432528	1.220168	-1.117723	-0.138406	-0.838752	0.526630	0.121319	0.513384	0.849540	-0.982917	0.181472	0.030701
126	5847598996.000000													9.736329	0.446680	-1.557442	-0.140734	-0.841654	0.521356	0.148679	0.502658	0.851604	-0.978820	0.197364	0.054395
127	5847649007.000000													9.992957	-0.269118	-2.284892	-0.145350	-0.846023	0.512952	0.174638	0.488378	0.854978	-0.973845	0.213852	0.076762
128	5847699019.000000													10.491542	-0.393127	-1.694376	-0.144957	-0.847031	0.511397	0.198995	0.481337	0.853648	-0.969221	0.225507	0.098782
129	5847749030.000000													10.103733	-0.474177	-1.417660	-0.135512	-0.850950	0.507465	0.209556	0.475986	0.854122	-0.968361	0.222086	0.113819
130	5847799042.000000													10.372523	-1.875367	-2.144265	-0.118922	-0.851469	0.510742	0.202481	0.482786	0.852009	-0.972039	0.204738	0.114992
131	5847849053.000000													11.102663	-3.400170	-1.971226	-0.098210	-0.860160	0.500480	0.160216	0.482684	0.861015	-0.982184	0.164745	0.090407
132	5847899065.000000													9.829681	-0.919471	-0.149330	-0.067639	-0.865739	0.495905	0.067680	0.491917	0.868008	-0.995412	0.092274	0.025321
133	5847949076.000000													10.266343	1.185522	-0.388960	-0.064106	-0.858556	0.508696	-0.046536	0.511762	0.857866	-0.996857	0.031322	-0.072761
134	5847999088.000000													12.034408	-0.444303	-2.053801	-0.074518	-0.840129	0.537243	-0.150356	0.542047	0.826788	-0.985820	-0.019167	-0.166711
135	5848049099.000000													11.173911	0.084445	0.133403	-0.086508	-0.841949	0.532577	-0.237669	0.536587	0.809684	-0.967486	-0.056532	-0.246524
136	5848099111.000000													9.320567	-0.001451	0.027563	-0.083990	-0.860722	0.502098	-0.305304	0.501874	0.809267	-0.948544	-0.085322	-0.304934
137	5848149122.000000													8.324173	0.472675	-0.036655	-0.080460	-0.880769	0.466661	-0.344480	0.463902	0.816167	-0.935339	-0.095087	-0.340733
138	5848199134.000000													7.082775	2.290454	-0.771318	-0.101385	-0.871354	0.480066	-0.355618	0.482412	0.800509	-0.929116	-0.089560	-0.358778
139	5848249145.000000													7.191792	-3.224584	-0.495857	-0.128343	-0.852053	0.507478	-0.332743	0.519044	0.787322	-0.934243	-0.067812	-0.350130
140	5848299157.000000													9.075963	-5.385503	-2.546064	-0.154231	-0.835377	0.527596	-0.299070	0.548407	0.780901	-0.941685	-0.037349	-0.334417
141	5848349168.000000													10.604695	-10.815523	-0.671439	-0.145455	-0.850501	0.505462	-0.285048	0.525257	0.801781	-0.947413	-0.027458	-0.318834
142	5848399180.000000													8.158078	-1.827379	-2.854615	-0.130241	-0.888852	0.439294	-0.299941	0.457629	0.837025	-0.945025	-0.022747	-0.326205
143	5848449191.000000													15.350034	4.921877	3.361423	-0.135347	-0.870008	0.474096	-0.200467	0.492649	0.846823	-0.970306	0.019574	-0.241087
144	5848499203.000000													9.294506	-4.405180	-4.254057	-0.160918	-0.847673	0.505525	-0.180434	0.528835	0.829323	-0.970334	0.042239	-0.238048
145	5848549214.000000													7.918857	3.317428	1.265753	-0.149845	-0.820717	0.551335	-0.111239	0.568085	0.815417	-0.982432	0.060856	-0.176420
146	5848599226.000000													9.730897	-2.447285	-5.428172	-0.158440	-0.815013	0.557361	-0.064468	0.571826	0.817838	-0.985262	0.093646	-0.143143
147	5848649237.000000													9.114794	-0.329252	0.356272	-0.148347	-0.843593	0.516085	-0.038345	0.526374	0.849388	-0.988192	0.106215	-0.110434
148	5848699249.000000													9.552941	2.104912	-2.075185	-0.155193	-0.845017	0.511724	-0.005015	0.518667	0.854961	-0.987871	0.130118	-0.084731
149	5848749260.000000													9.465875	1.102227	-1.386528	-0.152812	-0.831395	0.534257	0.035885	0.535582	0.843721	-0.987604	0.148102	-0.052008
150	5848799272.000000													8.991632	-1.335085	-2.069623	-0.156805	-0.837421	0.523582	0.072030	0.519032	0.851715	-0.984999	0.171267	-0.021067
151	5848849283.000000													9.068616	-0.351410	-1.733825	-0.172355	-0.858090	0.483709	0.104543	0.472350	0.875189	-0.979471	0.201412	0.008295
152	5848899295.000000													9.328123	0.059512	-1.862170	-0.175574	-0.862462	0.474693	0.135084	0.456516	0.879401	-0.975154	0.218523	0.036353
153	5848949306.000000													9.907467	-0.707908	-2.304016	-0.165188	-0.855643	0.490498	0.164356	0.466494	0.869120	-0.972471	0.224185	0.063571
154	5848999318.000000													10.140284	-0.602851	-1.310673	-0.153935	-0.856123	0.493312	0.176749	0.467351	0.866223	-0.972144	0.220535	0.079377
155	5849049329.000000													10.898650	-4.512870	-2.412508	-0.133246	-0.856831	0.498083	0.165617	0.476247	0.863574	-0.977147	0.197559	0.078448
156	5849099340.000000													11.899081	-2.928651	-1.180448	-0.095010	-0.870842	0.482294	0.106612	0.472798	0.874698	-0.989751	0.134523	0.047922
157	5849149352.000000													9.730297	0.567059	-1.019660	-0.065444	-0.872032	0.485054	-0.004099	0.486326	0.873768	-0.997848	0.055195	-0.035402
158	5849199363.000000													12.701227	0.826715	-1.620006	-0.069638	-0.859283	0.506738	-0.122603	0.511493	0.850496	-0.990010	-0.002901	-0.140971
159	5849249375.000000													11.627295	-0.039702	-0.947747	-0.095560	-0.839899	0.534265	-0.222738	0.541154	0.810889	-0.970183	-0.041513	-0.238790
160	5849299386.000000													10.612003	0.059288	0.141106	-0.094805	-0.862574	0.496969	-0.306776	0.500237	0.809723	-0.947048	-0.075692	-0.312042
161	5849349398.000000													8.473086	0.996475	0.065947	-0.080775	-0.892766	0.443220	-0.364926	0.440286	0.820352	-0.927526	-0.095479	-0.361358
162	5849399409.000000													7.495989	2.796001	-0.505731	-0.079337	-0.904818	0.418343	-0.379961	0.415433	0.826466	-0.921594	-0.093385	-0.376754
163	5849449421.000000													7.157218	0.203158	0.512827	-0.065836	-0.912652	0.403400	-0.361871	0.398592	0.842718	-0.929901	-0.090498	-0.356504
164	5849499432.000000													8.685917	-1.404461	-3.071693	-0.107488	-0.891853	0.439369	-0.327555	0.449023	0.831316	-0.938698	-0.054561	-0.340395
165	5849549444.000000													10.011753	-7.447853	-1.053741	-0.159201	-0.825220	0.541910	-0.286813	0.563896	0.774441	-0.944666	-0.032135	-0.326457
166	5849599455.000000													9.758446	-8.415705	-0.986990	-0.164574	-0.818798	0.549987	-0.289208	0.573140	0.766726	-0.943013	-0.032878	-0.331127
167	5849649467.000000													11.166002	1.706707	-1.597423	-0.166225	-0.826551	0.537757	-0.240722	0.562858	0.790724	-0.956254	0.001988	-0.292530
168	5849699478.000000													12.035803	-3.752269	1.088001	-0.163928	-0.812346	0.559662	-0.185700	0.582606	0.791256	-0.968836	0.025780	-0.246358
169	5849749490.000000													8.427926	1.644611	-2.061453	-0.178902	-0.828720	0.530299	-0.159766	0.556311	0.815471	-0.970808	0.061165	-0.231926
170	5849799501.000000													9.237889	1.247628	-1.055934	-0.170134	-0.788809	0.590623	-0.111853	0.610946	0.783731	-0.979052	0.067276	-0.192173
171	5849849513.000000													9.712628	-0.760723	-3.552222	-0.181026	-0.799002	0.573433	-0.089358	0.594017	0.799474	-0.979410	0.093485	-0.178930
172	5849899524.000000													9.600871	0.964499	-0.742720	-0.179394	-0.797949	0.575409	-0.066575	0.593404	0.802147	-0.981522	0.105593	-0.159576
173	5849949536.000000													9.240916	0.737589	-2.094870	-0.181961	-0.784920	0.592276	-0.038304	0.607532	0.793371	-0.982559	0.121676	-0.140613
174	5849999547.000000													9.581527	0.079433	-2.589285	-0.178261	-0.772143	0.609933	-0.007887	0.620963	0.783800	-0.983952	0.134910	-0.116783
175	5850049559.000000													9.711157	0.040939	-1.392750	-0.176670	-0.772810	0.609551	0.015205	0.617076	0.786757	-0.984153	0.148264	-0.097268
176	5850099570.000000													9.522526	1.330875	-1.034140	-0.174044	-0.765254	0.619754	0.034698	0.624203	0.780492	-0.984126	0.157345	-0.082086
177	5850149582.000000													9.868935	1.539244	-1.419253	-0.170585	-0.747524	0.641957	0.045859	0.644777	0.762994	-0.984275	0.159595	-0.075709
178	5850199593.000000													9.490022	0.911339	-2.374919	-0.163346	-0.715921	0.678804	0.058031	0.679882	0.731022	-0.984861	0.158801	-0.069510
179	5850249605.000000													10.000635	0.894974	-3.310409	-0.152959	-0.683117	0.714111	0.069322	0.713418	0.697302	-0.985798	0.156162	-0.061769
180	5850299616.000000													10.181060	1.569209	-2.979506	-0.129879	-0.616565	0.776517	0.091628	0.772336	0.628570	-0.987287	0.152789	-0.043816
181	5850349628.000000													8.846272	-0.087889	-3.181901	-0.099107	-0.499585	0.860577	0.100854	0.855338	0.508158	-0.989953	0.137155	-0.034385
182	5850399639.000000													9.488526	-1.532955	-1.079561	-0.086673	-0.365045	0.926947	0.053380	0.927410	0.370218	-0.994806	0.081568	-0.060896
183	5850449651.000000													10.257791	0.715266	0.234121	-0.076398	-0.296964	0.951827	-0.002633	0.954674	0.297641	-0.997074	0.020233	-0.073717
184	5850499662.000000													9.529696	7.032528	0.605641	-0.066308	-0.156860	0.985392	-0.032748	0.987376	0.154972	-0.997262	-0.021994	-0.070608
185	5850549674.000000													9.642796	2.946569	-1.475970	-0.066633	0.020130	0.997575	-0.045775	0.998682	-0.023210	-0.996727	-0.047211	-0.065623
186	5850599685.000000													9.977810	1.515442	-1.333705	-0.058972	0.212632	0.975351	-0.045702	0.975452	-0.215417	-0.997213	-0.057279	-0.047806
187	5850649697.000000													9.498697	2.172414	-2.293832	-0.050829	0.385131	0.921461	-0.045664	0.920793	-0.387370	-0.997663	-0.061767	-0.029217
188	5850699708.000000													9.703123	1.931274	-3.278386	-0.041709	0.563611	0.824987	-0.042147	0.823978	-0.565053	-0.998240	-0.058338	-0.010612
189	5850749720.000000													9.521147	0.554217	-3.052010	-0.029436	0.723494	0.689703	-0.035521	0.688809	-0.724072	-0.998935	-0.045813	0.005423
190	5850799731.000000													9.648034	0.042391	-2.986017	-0.013770	0.841301	0.540392	-0.028446	0.539895	-0.841252	-0.999500	-0.026956	0.016497
191	5850849742.000000													9.202729	0.714267	-4.010633	-0.005809	0.928767	0.370620	-0.018086	0.370468	-0.928669	-0.999820	-0.012097	0.014646
192	5850899754.000000													8.969228	-1.236164	-4.003982	-0.018741	0.982444	0.185615	-0.002501	0.185601	-0.982622	-0.999821	-0.018880	-0.001022
193	5850949765.000000													9.988270	-5.818830	-2.044309	-0.049340	0.998307	0.030804	0.010077	0.031338	-0.999458	-0.998731	-0.049003	-0.011607
194	5850999777.000000													12.944793	-0.893068	0.214308	-0.069148	0.997606	0.001311	0.025321	0.003069	-0.999675	-0.997285	-0.069092	-0.025473
195	5851049788.000000													8.964391	-1.537071	-0.006964	-0.078887	0.994526	-0.068519	0.032941	-0.066095	-0.997269	-0.996339	-0.080929	-0.027547
196	5851099800.000000													9.307844	-0.746806	-1.483420	-0.087216	0.990027	-0.110636	0.023421	-0.108991	-0.993767	-0.995914	-0.089264	-0.013681
197	5851149811.000000													9.581573	-1.689741	-1.888172	-0.096658	0.986440	-0.132641	0.011844	-0.132116	-0.991164	-0.995247	-0.097375	0.001087
198	5851199823.000000													9.670596	-0.026577	-2.348403	-0.101673	0.979274	-0.175174	-0.006974	-0.176784	-0.984225	-0.994793	-0.098847	0.024804
199	5851249834.000000													10.004519	-0.534808	-1.771865	-0.103947	0.967740	-0.229511	-0.020364	-0.232783	-0.972315	-0.994374	-0.096396	0.043904
200	5851299846.000000													9.406361	-1.217041	-1.581607	-0.103354	0.954793	-0.278727	-0.023882	-0.282529	-0.958961	-0.994358	-0.092456	0.052003
201	5851349857.000000													9.696047	-1.043335	-1.302942	-0.102668	0.943661	-0.314584	-0.025663	-0.318662	-0.947521	-0.994385	-0.089207	0.056934
202	5851399869.000000													9.652021	-0.447310	-1.543604	-0.100018	0.929513	-0.354966	-0.029027	-0.359329	-0.932759	-0.994562	-0.082989	0.062920
203	5851449880.000000													9.492940	-1.399110	-1.900953	-0.097316	0.914042	-0.393773	-0.029942	-0.398161	-0.916827	-0.994803	-0.077432	0.066116
204	5851499892.000000													9.694767	-1.391140	-1.473623	-0.093364	0.905512	-0.413922	-0.029718	-0.418088	-0.907920	-0.995188	-0.072466	0.065944
205	5851549903.000000													9.703794	-0.808548	-1.645530	-0.088272	0.898171	-0.430694	-0.026457	-0.434343	-0.900359	-0.995745	-0.068081	0.062104
206	5851599915.000000													9.642333	-0.730866	-1.659718	-0.085618	0.896009	-0.435703	-0.016781	-0.438544	-0.898553	-0.996187	-0.069620	0.052583
207	5851649926.000000													9.858789	-0.992266	-1.491524	-0.079016	0.896602	-0.435731	-0.001876	-0.437230	-0.899348	-0.996872	-0.070245	0.036230
208	5851699938.000000													9.430434	-1.411687	-0.886834	-0.073403	0.900290	-0.429057	0.007060	-0.429738	-0.902926	-0.997277	-0.069307	0.025189
209	5851749949.000000													9.131910	-1.780547	0.147091	-0.073098	0.892248	-0.445589	-0.006940	-0.447229	-0.894393	-0.997301	-0.062286	0.038884
210	5851799961.000000													9.455854	-3.034157	-0.319383	-0.067482	0.876375	-0.476879	-0.059138	-0.480641	-0.874921	-0.995966	-0.030840	0.084262
211	5851849972.000000													11.152393	-4.155928	-1.637686	-0.067528	0.891774	-0.447413	-0.139744	-0.452470	-0.880762	-0.987882	0.003048	0.155175
212	5851899984.000000													11.182242	-1.204043	-0.311273	-0.057111	0.927980	-0.368228	-0.222068	-0.371398	-0.901526	-0.973357	0.030285	0.227286
213	5851949995.000000													9.614877	-1.606976	-0.703597	-0.050723	0.945716	-0.321010	-0.277811	-0.322099	-0.905027	-0.959296	0.043274	0.279069
214	5852000007.000000													9.116389	-2.269666	0.395822	-0.035672	0.958285	-0.283579	-0.313860	-0.280145	-0.907199	-0.948799	0.056642	0.310761
215	5852050018.000000													8.620431	-1.058782	0.875010	-0.027752	0.958493	-0.283761	-0.334507	-0.276409	-0.900945	-0.941984	0.069917	0.328294
216	5852100030.000000													8.716472	-2.593966	-0.271345	-0.032864	0.943296	-0.330321	-0.349419	-0.320488	-0.880451	-0.936390	0.086485	0.340138
217	5852150041.000000													7.292146	-3.529644	-0.075759	-0.049225	0.926536	-0.372971	-0.355883	-0.365186	-0.860225	-0.933233	0.090389	0.347714
218	5852200053.000000													7.493553	-4.703666	0.333257	-0.069897	0.911611	-0.405068	-0.339361	-0.403571	-0.849685	-0.938056	0.078074	0.337574
219	5852250064.000000													9.347401	-5.439079	-1.884111	-0.087189	0.910580	-0.404033	-0.320355	-0.409663	-0.854137	-0.943277	0.054962	0.327426
220	5852300076.000000													8.836172	-4.139533	-1.562605	-0.093682	0.910000	-0.403885	-0.305061	-0.412394	-0.858411	-0.947714	0.042792	0.316240
221	5852350087.000000													11.598655	-1.168366	-0.828514	-0.112117	0.906724	-0.406548	-0.268800	-0.421549	-0.866050	-0.956649	0.012181	0.290990
222	5852400099.000000													11.554005	-2.819623	-0.219538	-0.128532	0.894297	-0.428618	-0.244700	-0.447439	-0.860186	-0.961042	-0.005679	0.276345
223	5852450110.000000													8.106530	1.784974	-0.877981	-0.141412	0.857016	-0.495507	-0.170468	-0.514141	-0.840595	-0.975163	-0.034402	0.218799
224	5852500122.000000													9.799107	-3.059621	-1.832477	-0.143009	0.846928	-0.512115	-0.105178	-0.527508	-0.843014	-0.984117	-0.066696	0.164516
225	5852550133.000000													9.308095	-0.713066	-1.709256	-0.137417	0.861593	-0.488645	-0.049630	-0.498695	-0.865356	-0.989269	-0.094664	0.111290
226	5852600145.000000													9.446580	0.689974	-1.567629	-0.141030	0.855697	-0.497889	-0.015933	-0.504813	-0.863082	-0.989877	-0.113787	0.084828
227	5852650156.000000													9.543778	0.259115	-1.613196	-0.140272	0.836869	-0.529126	0.017351	-0.532250	-0.846409	-0.989961	-0.127908	0.060139
228	5852700167.000000													9.360508	-0.643137	-1.867397	-0.140191	0.832428	-0.536106	0.049976	-0.534814	-0.843491	-0.988862	-0.145042	0.033374
229	5852750179.000000													9.581529	0.482715	-1.490117	-0.142805	0.842066	-0.520126	0.080602	-0.513873	-0.854072	-0.986463	-0.163889	0.005511
230	5852800190.000000													9.558618	1.072859	-1.376855	-0.146142	0.845900	-0.512929	0.116736	-0.500127	-0.858047	-0.982352	-0.185274	-0.025658
231	5852850202.000000													9.624176	-0.155883	-1.952110	-0.148338	0.846969	-0.510528	0.146975	-0.491625	-0.858314	-0.977954	-0.202355	-0.051557
232	5852900213.000000													9.940997	-0.451039	-1.983687	-0.144578	0.842690	-0.518624	0.174201	-0.494268	-0.851677	-0.974039	-0.213478	-0.075337
233	5852950225.000000													9.970882	-1.360064	-1.650337	-0.131364	0.841506	-0.524033	0.187644	-0.497950	-0.846661	-0.973413	-0.209553	-0.092491
234	5853000236.000000													10.478431	-2.376804	-2.115467	-0.112314	0.843507	-0.525244	0.181453	-0.502291	-0.845446	-0.976965	-0.190262	-0.096643
235	5853050248.000000													11.063102	-4.360577	-1.682552	-0.084912	0.849127	-0.521320	0.139993	-0.507852	-0.849993	-0.986505	-0.145156	-0.075748
236	5853100259.000000													10.335830	-1.462974	-1.278061	-0.048434	0.865592	-0.498403	0.041733	-0.496799	-0.866862	-0.997954	-0.062785	-0.012062
237	5853150271.000000													11.474833	1.707416	-0.984445	-0.049648	0.857058	-0.512822	-0.076074	-0.515209	-0.853682	-0.995865	-0.003371	0.090779
238	5853200282.000000													12.236441	0.131106	-1.609674	-0.078071	0.829162	-0.553529	-0.186159	-0.557583	-0.808978	-0.979413	0.039886	0.197887
239	5853250294.000000													11.472352	-0.837191	0.090865	-0.094810	0.838369	-0.536794	-0.276417	-0.540190	-0.794851	-0.956350	0.073019	0.282955
240	5853300305.000000													9.008777	-0.146337	0.339053	-0.078279	0.879769	-0.468913	-0.352589	-0.464388	-0.812419	-0.932499	0.101738	0.346548
241	5853350317.000000													7.729984	1.626216	-0.570506	-0.059571	0.912479	-0.404763	-0.396355	-0.393771	-0.829365	-0.916163	0.111023	0.385123
242	5853400328.000000													6.879902	3.535647	-0.774120	-0.070228	0.918335	-0.389525	-0.400496	-0.383592	-0.832142	-0.913603	0.097563	0.394728
243	5853450340.000000													6.837817	-1.623829	-0.267609	-0.099263	0.905702	-0.412130	-0.365985	-0.418374	-0.831275	-0.925312	0.068319	0.373003
244	5853500351.000000													10.133672	-9.474355	-1.416741	-0.124516	0.886976	-0.444713	-0.329369	-0.459736	-0.824718	-0.935955	0.043784	0.349387
245	5853550363.000000													11.434141	-11.333878	-0.232861	-0.121619	0.889538	-0.440375	-0.361608	-0.452886	-0.814944	-0.924364	0.060130	0.376744
246	5853600374.000000													5.712002	0.524215	-2.528358	-0.141528	0.895052	-0.422909	-0.353485	-0.444738	-0.822956	-0.924672	0.033021	0.379330
247	5853650386.000000													17.700121	-2.164380	0.437520	-0.142364	0.892255	-0.428501	-0.279990	-0.451531	-0.847187	-0.949388	-0.000633	0.314104
248	5853700397.000000													5.655159	3.433150	0.102602	-0.137303	0.890046	-0.434702	-0.251877	-0.455805	-0.853698	-0.957970	-0.007724	0.286766
249	5853750409.000000													11.703175	-1.232323	-3.587474	-0.162982	0.860395	-0.482863	-0.159861	-0.505969	-0.847608	-0.973592	-0.060954	0.220007
250	5853800420.000000													8.376706	-0.662512	-1.926395	-0.153614	0.874379	-0.460287	-0.102139	-0.477371	-0.872745	-0.982838	-0.087053	0.162639
251	5853850432.000000													9.619111	1.924132	-1.541957	-0.154307	0.871714	-0.465086	-0.038340	-0.475652	-0.878798	-0.987279	-0.117773	0.106818
252	5853900443.000000													9.134889	-0.011515	-1.309608	-0.150823	0.853422	-0.498922	0.015145	-0.502641	-0.864363	-0.988445	-0.137922	0.062885
253	5853950455.000000													8.736843	-0.976260	-1.988783	-0.149396	0.843877	-0.515318	0.051676	-0.513791	-0.856358	-0.987426	-0.154566	0.033150
254	5854000466.000000													9.364410	-0.219162	-1.931691	-0.152046	0.855404	-0.495143	0.087395	-0.487369	-0.868812	-0.984502	-0.175372	-0.000655
255	5854050478.000000													9.288654	-0.057337	-1.444522	-0.161306	0.866660	-0.472102	0.128609	-0.455827	-0.880728	-0.978489	-0.202784	-0.037933
256	5854100489.000000													9.805206	-0.653665	-1.964329	-0.163260	0.870485	-0.464330	0.158782	-0.441326	-0.883187	-0.973722	-0.217916	-0.066166
257	5854150501.000000													10.020237	-0.481838	-1.849972	-0.148417	0.866270	-0.477020	0.180845	-0.450454	-0.874292	-0.972249	-0.216027	-0.089806
258	5854200512.000000													10.552575	-3.096135	-1.876971	-0.123381	0.854678	-0.504284	0.177788	-0.480907	-0.858557	-0.976303	-0.195585	-0.092617
259	5854250524.000000													11.988525	-5.508589	-1.431672	-0.090998	0.864931	-0.493572	0.124383	-0.481876	-0.867366	-0.988053	-0.140321	-0.063733
260	5854300535.000000													10.432046	0.152355	-1.716762	-0.058878	0.882341	-0.466912	0.013009	-0.467006	-0.884159	-0.998180	-0.058132	0.016018
261	5854350547.000000													13.205881	1.303485	-1.476549	-0.065691	0.867770	-0.492605	-0.112252	-0.496964	-0.860480	-0.991506	-0.001230	0.130055
262	5854400558.000000													11.359264	-0.131775	-1.137700	-0.096329	0.843096	-0.529065	-0.221679	-0.536358	-0.814357	-0.970350	0.038836	0.238564
263	5854450570.000000													10.624910	-0.850500	0.492005	-0.096112	0.863938	-0.494341	-0.311971	-0.497763	-0.809263	-0.945218	0.076440	0.317365
264	5854500581.000000													8.059807	0.449004	0.123231	-0.070905	0.899442	-0.431250	-0.385584	-0.423446	-0.819767	-0.919944	0.108158	0.376835
265	5854550592.000000													7.306492	2.895200	-0.672994	-0.053322	0.919072	-0.390467	-0.422192	-0.375105	-0.825258	-0.904937	0.120847	0.408027
266	5854600604.000000													6.495178	1.066638	-0.347092	-0.071473	0.913076	-0.401476	-0.413997	-0.393353	-0.820902	-0.907468	0.107538	0.406125
267	5854650615.000000													8.031407	-5.425635	-1.771079	-0.074725	0.911568	-0.404303	-0.388420	-0.400022	-0.830128	-0.918448	0.095008	0.383963
268	5854700627.000000													9.803161	-6.781467	-0.464482	-0.112908	0.897671	-0.425956	-0.349509	-0.437181	-0.828683	-0.930105	0.055311	0.363106
269	5854750638.000000													11.551544	-10.868437	-0.132066	-0.116787	0.904085	-0.411084	-0.351785	-0.424738	-0.834173	-0.928767	0.047193	0.367648
270	5854800650.000000													13.348207	0.258803	-0.915089	-0.105290	0.915656	-0.387927	-0.314641	-0.400729	-0.860475	-0.943353	0.031458	0.330296
271	5854850661.000000													6.002058	5.160380	-0.606563	-0.119591	0.909495	-0.398142	-0.292233	-0.415501	-0.861370	-0.948840	0.013338	0.315475
272	5854900673.000000													13.057979	-2.751205	-2.207018	-0.143678	0.882801	-0.447236	-0.204607	-0.468659	-0.859357	-0.968242	-0.031963	0.247964
273	5854950684.000000													7.402895	0.661413	-2.021094	-0.133113	0.897509	-0.420427	-0.140220	-0.436990	-0.888470	-0.981132	-0.059315	0.184018
274	5855000696.000000													9.967450	1.660203	-1.566628	-0.136342	0.890093	-0.434908	-0.066326	-0.446224	-0.892460	-0.988439	-0.092834	0.119876
275	5855050707.000000													8.919682	-0.805002	-1.060101	-0.133282	0.879238	-0.457359	0.003889	-0.461008	-0.887387	-0.991071	-0.120051	0.058024
276	5855100719.000000													9.027361	-1.457672	-2.009793	-0.133986	0.877562	-0.460361	0.053938	-0.457403	-0.887622	-0.989514	-0.143760	0.013952
277	5855150730.000000													9.051399	-0.590534	-1.680048	-0.145098	0.894170	-0.423564	0.093514	-0.413784	-0.905559	-0.984988	-0.171004	-0.023579
278	5855200742.000000													10.099319	0.902600	-1.543884	-0.154689	0.898570	-0.410661	0.133812	-0.392779	-0.909846	-0.978859	-0.195694	-0.059481
279	5855250753.000000													10.042689	-1.858612	-2.300869	-0.148553	0.889213	-0.432702	0.166331	-0.408856	-0.897313	-0.974816	-0.205270	-0.087167
280	5855300765.000000													9.608519	-2.646796	-2.027621	-0.138487	0.892597	-0.429059	0.169838	-0.405411	-0.898219	-0.975693	-0.197262	-0.095453
281	5855350776.000000													11.270039	-4.885917	-1.850111	-0.112744	0.884661	-0.452397	0.131467	-0.438016	-0.889302	-0.984888	-0.159739	-0.066920
282	5855400788.000000													11.086599	-1.363657	-0.581540	-0.062645	0.890040	-0.451557	0.032445	-0.450391	-0.892242	-0.997508	-0.070546	-0.000663
283	5855450799.000000													12.764473	1.657129	-0.682515	-0.049722	0.881692	-0.469199	-0.084589	-0.471810	-0.877633	-0.995175	-0.003948	0.098041
284	5855500811.000000													12.872172	-0.175214	-1.358891	-0.060010	0.874376	-0.481524	-0.196173	-0.483316	-0.853183	-0.978731	0.043263	0.200533
285	5855550822.000000													10.786937	0.433018	0.583862	-0.067882	0.882731	-0.464949	-0.286967	-0.463606	-0.838284	-0.955532	0.076521	0.284785
286	5855600834.000000													8.687574	1.035488	0.630371	-0.070869	0.893521	-0.443393	-0.356508	-0.437839	-0.825347	-0.931600	0.099582	0.349577
287	5855650845.000000													7.260342	1.229844	0.142517	-0.073726	0.903222	-0.422794	-0.400470	-0.415078	-0.816905	-0.913339	0.109089	0.392316
288	5855700857.000000													6.722289	0.908880	-0.520891	-0.064261	0.916260	-0.395397	-0.409519	-0.385529	-0.826838	-0.910036	0.108789	0.400000
289	5855750868.000000													6.878386	0.179866	-1.501611	-0.070745	0.921703	-0.381391	-0.388317	-0.377635	-0.840596	-0.918806	0.088633	0.384629
290	5855800880.000000													10.215721	-7.495556	-1.006157	-0.121768	0.896572	-0.425830	-0.350454	-0.440227	-0.826669	-0.928630	0.048572	0.367813
291	5855850891.000000													11.116278	-16.309832	1.423566	-0.109606	0.906425	-0.407898	-0.387946	-0.416835	-0.822038	-0.915142	0.068143	0.397331
292	5855900903.000000													5.931469	3.319181	-3.488822	-0.119651	0.923422	-0.364659	-0.377028	-0.382045	-0.843737	-0.918441	0.036533	0.393867
293	5855950914.000000													16.181114	-1.721411	0.016627	-0.146272	0.912694	-0.381567	-0.296170	-0.408427	-0.863406	-0.943869	-0.013284	0.330054
294	5856000926.000000													7.899857	1.086097	0.772998	-0.140650	0.915762	-0.376296	-0.276114	-0.401276	-0.873349	-0.950778	-0.018936	0.309294
295	5856050937.000000													10.530776	0.662753	-3.927283	-0.162659	0.898404	-0.407937	-0.199211	-0.434832	-0.878201	-0.966363	-0.061582	0.249701
296	5856100949.000000													9.315758	0.097429	-1.560466	-0.166279	0.897697	-0.408034	-0.137652	-0.430875	-0.891851	-0.976424	-0.092130	0.195215
297	5856150960.000000													9.608094	0.889530	-1.652677	-0.166985	0.889039	-0.426294	-0.072338	-0.442246	-0.893972	-0.983302	-0.118443	0.138159
298	5856200972.000000													8.869514	0.042709	-1.784960	-0.169069	0.877069	-0.449629	-0.014542	-0.458366	-0.888644	-0.985497	-0.143703	0.090250
299	5856250983.000000													8.933598	-1.161524	-2.085824	-0.169149	0.870349	-0.462473	0.032209	-0.464103	-0.885196	-0.985064	-0.164625	0.050469
300	5856300994.000000													8.824487	-0.592561	-1.409041	-0.176496	0.879234	-0.442490	0.065192	-0.438118	-0.896550	-0.982140	-0.187085	0.020007
301	5856351006.000000													9.315768	-0.176388	-1.849746	-0.184983	0.882989	-0.431406	0.106182	-0.418454	-0.902010	-0.976989	-0.212664	-0.016351
302	5856401017.000000													9.750836	-0.739582	-2.083930	-0.183104	0.878816	-0.440631	0.140323	-0.420256	-0.896490	-0.973027	-0.225982	-0.046368
303	5856451029.000000													9.836098	-1.166782	-1.672329	-0.172101	0.872675	-0.456968	0.167260	-0.431267	-0.886585	-0.970776	-0.229014	-0.071742
304	5856501040.000000													10.453865	-3.276310	-1.896923	-0.151280	0.864621	-0.479108	0.168595	-0.455015	-0.874378	-0.974007	-0.213051	-0.076936
305	5856551052.000000													11.648523	-5.520751	-1.400983	-0.115294	0.875762	-0.468773	0.116157	-0.456796	-0.881955	-0.986517	-0.156135	-0.049060
306	5856601063.000000													11.279447	1.552833	-1.712717	-0.079087	0.887651	-0.453675	0.002719	-0.454907	-0.890535	-0.996864	-0.071664	0.033564
307	5856651075.000000													13.522486	0.154256	-2.167236	-0.079997	0.870533	-0.485565	-0.113567	-0.491914	-0.863205	-0.990304	-0.013910	0.138216
308	5856701086.000000													11.364744	-0.110768	-0.735916	-0.093641	0.865286	-0.492454	-0.217022	-0.500473	-0.838110	-0.971665	0.028391	0.234651
309	5856751098.000000													10.621746	0.691896	0.141922	-0.090595	0.886121	-0.454512	-0.304602	-0.459173	-0.834493	-0.948161	0.062845	0.311513
310	5856801109.000000													8.014699	0.796964	0.033124	-0.076279	0.910215	-0.407050	-0.374708	-0.404484	-0.834258	-0.924000	0.088888	0.371919
311	5856851121.000000													7.572545	3.279449	-0.679810	-0.068995	0.920510	-0.384578	-0.410627	-0.377531	-0.829974	-0.909189	0.100654	0.404034
312	5856901132.000000													7.097894	0.359646	0.186107	-0.072072	0.918236	-0.389420	-0.404315	-0.383814	-0.830190	-0.911776	0.097615	0.398919
313	5856951144.000000													7.789530	-3.277102	-1.836143	-0.089454	0.907912	-0.409504	-0.378622	-0.411284	-0.829151	-0.921219	0.080876	0.380546
314	5857001155.000000													9.690673	-7.905427	-1.101815	-0.122645	0.882546	-0.453950	-0.345657	-0.466750	-0.814043	-0.930311	0.057073	0.362303
315	5857051167.000000													10.692155	-11.110118	-0.389686	-0.118689	0.895963	-0.427975	-0.374948	-0.439551	-0.816216	-0.919417	0.063593	0.388109
316	5857101178.000000													13.932467	1.315023	-0.928957	-0.111601	0.912425	-0.393733	-0.336679	-0.407492	-0.848880	-0.934982	0.037826	0.352671
317	5857151190.000000													7.801567	1.743606	0.300575	-0.113277	0.913821	-0.389998	-0.350366	-0.404049	-0.844978	-0.929737	0.040926	0.365942
318	5857201201.000000													10.034273	-0.444071	-2.929208	-0.171829	0.852541	-0.493608	-0.269812	-0.522628	-0.808741	-0.947458	-0.005784	0.319828
319	5857251213.000000													8.997545	-3.499109	-1.523101	-0.154971	0.875587	-0.457528	-0.236338	-0.482533	-0.843389	-0.959233	-0.022569	0.281713
320	5857301224.000000													9.758410	1.227731	-1.793223	-0.152826	0.890221	-0.429128	-0.191965	-0.452699	-0.870754	-0.969430	-0.050696	0.240075
321	5857351236.000000													9.392534	2.269818	-1.855660	-0.162417	0.875024	-0.456020	-0.142076	-0.478079	-0.866750	-0.976440	-0.075986	0.201968
322	5857401247.000000													9.626323	-1.115532	-1.689728	-0.166763	0.846195	-0.506108	-0.086940	-0.523916	-0.847322	-0.982157	-0.097300	0.160938
323	5857451259.000000													9.204478	-2.003032	-1.806177	-0.163026	0.843270	-0.512171	-0.049596	-0.525464	-0.849369	-0.985374	-0.113067	0.127487
324	5857501270.000000													8.906543	-0.691201	-1.568804	-0.164407	0.859559	-0.483868	-0.024531	-0.493954	-0.869142	-0.986088	-0.131023	0.102295
325	5857551282.000000													9.489512	1.374243	-1.509573	-0.167232	0.873314	-0.457555	-0.008635	-0.465370	-0.885074	-0.985880	-0.144062	0.085366
326	5857601293.000000													10.081267	1.645549	-1.305703	-0.167137	0.863182	-0.476426	0.005204	-0.482445	-0.875911	-0.985920	-0.148876	0.076143
327	5857651305.000000													9.717438	-0.430128	-2.899430	-0.158385	0.846780	-0.507816	0.018292	-0.511704	-0.858967	-0.987208	-0.145337	0.065557
328	5857701316.000000													10.071311	-0.169683	-3.231910	-0.148479	0.827348	-0.541709	0.027315	-0.544141	-0.838549	-0.988538	-0.139304	0.058195
329	5857751328.000000													7.968388	-0.147741	-1.755759	-0.129604	0.770569	-0.624040	0.037241	-0.625122	-0.779638	-0.990866	-0.124284	0.052322
330	5857801339.000000													9.507109	-0.377215	-2.012161	-0.116328	0.675372	-0.728245	0.010562	-0.732340	-0.680857	-0.993155	-0.086895	0.078059
331	5857851351.000000													12.783590	2.147049	-0.575428	-0.109884	0.605536	-0.788196	-0.007164	-0.793460	-0.608581	-0.993919	-0.061226	0.091527
332	5857901362.000000													10.045887	4.030580	-0.130672	-0.110427	0.528088	-0.841980	-0.024546	-0.848351	-0.528865	-0.993581	-0.037733	0.106643
333	5857951374.000000													9.990869	4.394699	0.286491	-0.117561	0.407998	-0.905382	-0.036779	-0.912868	-0.406595	-0.992384	-0.014501	0.122324
334	5858001385.000000													8.720530	2.843400	-0.723402	-0.117513	0.248630	-0.961444	-0.041567	-0.968534	-0.245384	-0.992201	0.011129	0.124150
335	5858051397.000000													8.842917	3.355997	-2.394540	-0.116302	0.046468	-0.992126	-0.040351	-0.998301	-0.042027	-0.992394	0.035146	0.117980
336	5858101408.000000													9.671363	1.817233	-3.158751	-0.108558	-0.168315	-0.979737	-0.032580	-0.984430	0.172731	-0.993556	0.050671	0.101384
337	5858151419.000000													9.796149	1.031166	-3.799350	-0.096549	-0.372981	-0.922802	-0.019552	-0.926244	0.376417	-0.995136	0.054385	0.082135
338	5858201431.000000													9.716459	-0.259144	-3.827535	-0.089348	-0.570053	-0.816735	-0.009146	-0.819511	0.572991	-0.995958	0.058665	0.068008
339	5858251442.000000													9.926164	-0.902590	-2.673367	-0.081484	-0.712067	-0.697367	0.001531	-0.699782	0.714355	-0.996673	0.057141	0.058111
340	5858301454.000000													9.277253	0.669097	-2.312165	-0.072143	-0.810443	-0.581358	0.016247	-0.583755	0.811768	-0.997262	0.049118	0.055281
341	5858351465.000000													9.642153	0.955099	-2.624502	-0.062374	-0.908361	-0.413509	0.035096	-0.416056	0.908661	-0.997436	0.042165	0.057831
342	5858401477.000000													9.310962	-3.380511	-2.571562	-0.065224	-0.963764	-0.258659	0.046781	-0.261879	0.963966	-0.996773	0.050774	0.062166
343	5858451488.000000													10.851881	-2.266416	-0.726852	-0.072464	-0.981582	-0.176765	0.064861	-0.181494	0.981251	-0.995260	0.059640	0.076818
344	5858501500.000000													10.191092	-0.367967	-1.120109	-0.089823	-0.988307	-0.123212	0.088587	-0.131150	0.987397	-0.992010	0.077776	0.099332
345	5858551511.000000													8.962527	-0.456205	-0.325402	-0.103042	-0.991549	-0.078823	0.108875	-0.090012	0.989972	-0.988700	0.093426	0.117230
346	5858601523.000000													9.778296	-0.503143	-1.263727	-0.103635	-0.994031	-0.034099	0.112071	-0.045736	0.992647	-0.988281	0.099051	0.116142
347	5858651534.000000													9.537724	1.046686	-2.391168	-0.105436	-0.994334	0.013536	0.102448	0.002678	0.994735	-0.989135	0.106268	0.101585
348	5858701546.000000													9.930411	0.773682	-2.505316	-0.101602	-0.991324	0.083388	0.097409	0.073505	0.992526	-0.990045	0.108965	0.089095
349	5858751557.000000													9.724854	-0.659414	-2.254292	-0.098803	-0.987476	0.123001	0.095093	0.113671	0.988957	-0.990553	0.109409	0.082671
350	5858801569.000000													9.560532	-0.220489	-1.452169	-0.098667	-0.986030	0.134203	0.089634	0.125507	0.988035	-0.991075	0.109516	0.075999
351	5858851580.000000													9.803621	1.095412	-0.993350	-0.095208	-0.982990	0.157055	0.084826	0.149186	0.985164	-0.991837	0.107118	0.069179
352	5858901592.000000													9.778375	0.002258	-1.400367	-0.087885	-0.976923	0.194671	0.081739	0.187696	0.978820	-0.992771	0.101936	0.063357
353	5858951603.000000													9.601987	-0.651059	-1.690985	-0.080683	-0.971738	0.221846	0.076734	0.215856	0.973405	-0.993782	0.095561	0.057150
354	5859001615.000000													9.726414	-0.752483	-1.424938	-0.075183	-0.969344	0.233924	0.074815	0.228443	0.970678	-0.994359	0.090480	0.055346
355	5859051626.000000													9.701526	-0.312985	-1.704856	-0.066078	-0.966952	0.246247	0.078025	0.241024	0.967378	-0.994759	0.083136	0.059520
356	5859101638.000000													9.354102	-1.222522	-1.518435	-0.059174	-0.962237	0.265704	0.073483	0.261250	0.962470	-0.995539	0.076478	0.055248
357	5859151649.000000													9.634723	-1.363991	-0.178641	-0.053209	-0.949489	0.309256	0.066362	0.305648	0.949829	-0.996376	0.071063	0.046747
358	5859201661.000000													9.998909	-3.271850	0.826021	-0.049989	-0.931693	0.359791	0.017360	0.359376	0.933031	-0.998599	0.052888	-0.001791
359	5859251672.000000													11.578820	-4.958283	-0.795518	-0.052776	-0.928778	0.366861	-0.077883	0.370082	0.925729	-0.995565	0.020283	-0.091868
360	5859301684.000000													11.371149	-0.411493	1.500204	-0.055716	-0.942073	0.330748	-0.188019	0.335235	0.923183	-0.980584	-0.010750	-0.195806
361	5859351695.000000													10.582881	1.882461	-0.312583	-0.046879	-0.939982	0.337988	-0.271247	0.337625	0.901351	-0.961367	-0.049424	-0.270795
362	5859401707.000000													9.144363	-3.251709	-0.564444	-0.047893	-0.931243	0.361239	-0.323657	0.356610	0.876399	-0.944962	-0.074944	-0.318482
363	5859451718.000000													8.010155	-1.885034	-0.233241	-0.027183	-0.941559	0.335749	-0.355484	0.323023	0.877090	-0.934287	-0.095512	-0.343490
364	5859501730.000000													7.460504	-1.491640	-0.896171	-0.027171	-0.941930	0.334708	-0.358613	0.321728	0.876292	-0.933091	-0.096221	-0.346530
365	5859551741.000000													7.294566	-3.808441	-0.459929	-0.061402	-0.927430	0.368922	-0.351726	0.366014	0.861581	-0.934087	-0.076856	-0.348676
366	5859601753.000000													7.275929	-5.731865	0.418921	-0.101467	-0.917003	0.385760	-0.327636	0.396931	0.857380	-0.939340	-0.039393	-0.340719
367	5859651764.000000													8.894733	-7.345537	-0.200633	-0.114871	-0.911737	0.394387	-0.297431	0.410368	0.862052	-0.947808	-0.018278	-0.318318
368	5859701776.000000													10.638697	-6.409534	-1.563419	-0.116610	-0.918162	0.378656	-0.296576	0.396053	0.869014	-0.947863	-0.010965	-0.318488
369	5859751787.000000													11.097146	-0.160058	-0.775304	-0.120550	-0.919086	0.375165	-0.276138	0.394052	0.876625	-0.953528	0.002080	-0.301298
370	5859801799.000000													10.226019	-1.291495	-0.302815	-0.131321	-0.900097	0.415428	-0.246586	0.435545	0.865734	-0.960182	0.011251	-0.279147
371	5859851810.000000													8.881249	0.433468	-1.603863	-0.148545	-0.863978	0.481120	-0.176002	0.501847	0.846860	-0.973118	0.041118	-0.226609
372	5859901821.000000													9.960689	-2.873284	-1.807241	-0.146695	-0.870586	0.469639	-0.125052	0.487287	0.864241	-0.981245	0.068051	-0.180351
373	5859951833.000000													8.937975	1.117995	-1.744860	-0.142731	-0.882635	0.447865	-0.073861	0.460735	0.884459	-0.987002	0.093160	-0.130954
374	5860001844.000000													9.724926	0.759830	-1.487146	-0.145253	-0.866030	0.478428	-0.017193	0.485693	0.873960	-0.989245	0.118720	-0.085438
375	5860051856.000000													9.101797	-1.527141	-1.545375	-0.142459	-0.854633	0.499307	0.028408	0.500714	0.865147	-0.989393	0.137432	-0.047053
376	5860101867.000000													9.454532	-0.205736	-1.615026	-0.144571	-0.854781	0.498447	0.063967	0.494612	0.866757	-0.987425	0.157192	-0.016829
377	5860151879.000000													9.542759	0.515188	-1.125259	-0.144788	-0.856679	0.495115	0.105980	0.484082	0.868581	-0.983771	0.178232	0.020702
378	5860201890.000000													9.056394	-0.658014	-1.469487	-0.151803	-0.863492	0.480976	0.144508	0.461997	0.875029	-0.977790	0.202337	0.054649
379	5860251902.000000													9.320962	-0.288188	-2.202598	-0.163558	-0.871983	0.461404	0.174004	0.434871	0.883521	-0.971067	0.224794	0.080602
380	5860301913.000000													10.705787	-0.604776	-1.910950	-0.155720	-0.862261	0.481931	0.204185	0.449249	0.869761	-0.966468	0.233842	0.106104
381	5860351925.000000													10.548985	-2.034646	-1.827432	-0.136568	-0.859418	0.492697	0.204762	0.462127	0.862851	-0.969238	0.218723	0.112865
382	5860401936.000000													11.929529	-5.974154	-2.506091	-0.112736	-0.862804	0.492808	0.162471	0.473288	0.865796	-0.980252	0.177673	0.086824
383	5860451948.000000													11.055964	-1.521854	-0.951627	-0.076927	-0.888901	0.451595	0.058922	0.448092	0.892043	-0.995294	0.095231	0.017906
384	5860501959.000000													11.691744	2.219764	-1.377811	-0.069515	-0.878875	0.471960	-0.065912	0.476117	0.876908	-0.995401	0.029850	-0.091026
385	5860551971.000000													12.156602	-0.319708	-1.619676	-0.083532	-0.854834	0.512134	-0.182329	0.518365	0.835496	-0.979683	-0.023586	-0.199161
386	5860601982.000000													11.445992	0.183843	0.004448	-0.088302	-0.864526	0.494770	-0.284262	0.497926	0.819308	-0.954672	-0.068297	-0.289720
387	5860651994.000000													8.406384	0.825649	0.313604	-0.070749	-0.890895	0.448666	-0.365541	0.441658	0.819340	-0.928103	-0.106038	-0.356906
388	5860702005.000000													7.370427	2.253681	-0.391271	-0.059420	-0.908647	0.413316	-0.409458	0.399799	0.820064	-0.910392	-0.120508	-0.395809
389	5860752017.000000													6.515101	2.252044	-0.525085	-0.072915	-0.906995	0.414781	-0.408098	0.406610	0.817389	-0.910022	-0.109672	-0.399791
390	5860802028.000000													7.946605	-4.175521	-0.965199	-0.080560	-0.908778	0.409430	-0.382960	0.407458	0.829047	-0.920245	-0.090007	-0.380850
391	5860852040.000000													10.019769	-8.199691	-2.301114	-0.124281	-0.881019	0.456465	-0.350415	0.469360	0.810500	-0.928312	-0.059222	-0.367055
392	5860902051.000000													9.093053	-10.827811	0.770160	-0.117774	-0.896178	0.427778	-0.356235	0.440232	0.824192	-0.926945	-0.055321	-0.371097
393	5860952063.000000													12.337543	3.100961	-2.209431	-0.121417	-0.910437	0.395428	-0.313918	0.413148	0.854847	-0.941655	-0.020339	-0.335966
394	5861002074.000000													11.555161	-2.075243	0.512121	-0.128355	-0.906087	0.403152	-0.299181	0.422953	0.855337	-0.945524	-0.010829	-0.325372
395	5861052086.000000													8.456041	2.782302	-2.089877	-0.150123	-0.885322	0.440077	-0.219398	0.463855	0.858314	-0.964016	0.032301	-0.263873
396	5861102097.000000													10.199563	-0.532089	-2.003806	-0.142132	-0.900272	0.411471	-0.159175	0.431069	0.888168	-0.976966	0.060741	-0.204570
397	5861152109.000000													9.111243	1.974693	-1.516665	-0.145381	-0.899226	0.412622	-0.093172	0.427643	0.899133	-0.984979	0.092272	-0.145954
398	5861202120.000000													9.404704	0.745961	-1.603378	-0.148907	-0.876893	0.457040	-0.030947	0.466099	0.884191	-0.988367	0.117519	-0.096542
399	5861252132.000000													8.565972	-2.702155	-1.828020	-0.148567	-0.859450	0.489156	0.010757	0.493211	0.869843	-0.988844	0.134492	-0.064030
400	5861302143.000000													9.581785	-1.037581	-1.595671	-0.149358	-0.870035	0.469820	0.040121	0.469426	0.882060	-0.987969	0.150592	-0.035206
401	5861352155.000000													9.229342	0.351869	-1.531595	-0.160051	-0.886181	0.434819	0.074867	0.428331	0.900515	-0.984266	0.176682	-0.002209
402	5861402166.000000													9.670259	0.354458	-1.892535	-0.166807	-0.886028	0.432586	0.105413	0.420193	0.901291	-0.980339	0.195942	0.023308
403	5861452178.000000													9.890486	-1.549760	-1.890425	-0.158779	-0.877450	0.452627	0.134931	0.434857	0.890333	-0.978051	0.202440	0.049349
404	5861502189.000000													9.856768	-1.655419	-1.841619	-0.150015	-0.877800	0.454931	0.136235	0.437396	0.888890	-0.979252	0.195325	0.053972
405	5861552201.000000													11.787558	-4.647470	-2.025398	-0.131032	-0.876369	0.463473	0.105899	0.452456	0.885477	-0.985706	0.165107	0.033520
406	5861602212.000000													11.764902	-0.439616	-1.135782	-0.085799	-0.885779	0.456108	0.023857	0.455839	0.889743	-0.996027	0.087221	-0.017978
407	5861652224.000000													10.355081	0.685040	-0.893682	-0.067942	-0.882584	0.465220	-0.072890	0.469443	0.879949	-0.995023	0.025875	-0.096227
408	5861702235.000000													11.447874	0.796046	-1.085024	-0.066854	-0.887781	0.455384	-0.172612	0.459814	0.871078	-0.982719	-0.020370	-0.183982
409	5861752246.000000													11.051730	1.764297	0.036090	-0.068936	-0.885045	0.460373	-0.256332	0.461692	0.849196	-0.964128	-0.059468	-0.258692
410	5861802258.000000													9.547181	1.395193	0.348674	-0.074147	-0.878840	0.471321	-0.321814	0.468423	0.822810	-0.943895	-0.090669	-0.317555
411	5861852269.000000													8.990918	1.207654	0.103583	-0.086622	-0.867717	0.489453	-0.356105	0.485809	0.798235	-0.930422	-0.105152	-0.351080
412	5861902281.000000													7.499684	-0.508934	0.043591	-0.084976	-0.869368	0.486805	-0.354682	0.482962	0.800592	-0.931117	-0.104630	-0.349389
413	5861952292.000000													7.734122	-0.102877	-1.443781	-0.058625	-0.892784	0.446653	-0.345906	0.437872	0.829830	-0.936436	-0.105851	-0.334490
414	5862002304.000000													9.453073	-0.834220	-2.478774	-0.091398	-0.878458	0.468997	-0.311882	0.472526	0.824287	-0.945715	-0.070934	-0.317163
415	5862052315.000000													9.665276	-8.038820	1.013870	-0.110693	-0.837980	0.534356	-0.270539	0.542763	0.795121	-0.956324	-0.056550	-0.286786
416	5862102327.000000													10.093374	-6.727306	-0.949455	-0.101945	-0.864088	0.492909	-0.279658	0.500402	0.819383	-0.954672	-0.054314	-0.292663
417	5862152338.000000													11.937180	3.414631	-1.467908	-0.106013	-0.875277	0.471859	-0.224929	0.483341	0.846043	-0.968591	-0.016443	-0.248116
418	5862202350.000000													10.799213	-3.235507	0.635072	-0.107766	-0.872014	0.477470	-0.207214	0.489421	0.847071	-0.972342	-0.007653	-0.233436
419	5862252361.000000													8.591618	1.602830	0.312741	-0.122687	-0.866668	0.483564	-0.173061	0.498463	0.849461	-0.977240	0.020531	-0.211142
420	5862302373.000000													9.105909	0.640023	-3.454133	-0.134758	-0.850866	0.507807	-0.146508	0.523958	0.839049	-0.979988	0.038671	-0.195266
421	5862352384.000000													9.578327	-1.653629	-0.839287	-0.133097	-0.847962	0.513074	-0.118322	0.527573	0.841229	-0.984015	0.051257	-0.170551
422	5862402396.000000													10.295779	0.502361	-2.460407	-0.135410	-0.854241	0.501932	-0.103916	0.516049	0.850232	-0.985325	0.062971	-0.158648
423	5862452407.000000													9.324353	0.514557	-1.912088	-0.137621	-0.861906	0.488035	-0.089690	0.501544	0.860471	-0.986416	0.074647	-0.146327
424	5862502419.000000													9.653014	1.009851	-1.544467	-0.136503	-0.857581	0.495905	-0.067248	0.507457	0.859049	-0.988355	0.083914	-0.126940
425	5862552430.000000													9.401093	-0.731859	-1.596719	-0.133747	-0.852671	0.505038	-0.050779	0.514844	0.855779	-0.989714	0.088813	-0.112157
426	5862602442.000000													9.471704	-0.781413	-1.812721	-0.130649	-0.857515	0.497592	-0.039749	0.506021	0.861605	-0.990632	0.092789	-0.100197
427	5862652453.000000													9.906281	0.187467	-1.548905	-0.127966	-0.870369	0.475481	-0.030317	0.482631	0.875299	-0.991315	0.097593	-0.088148
428	5862702465.000000													9.571572	0.168754	-1.331322	-0.125037	-0.879822	0.458562	-0.020408	0.464373	0.885405	-0.991942	0.101350	-0.076019
429	5862752476.000000													9.928854	-0.602592	-1.488604	-0.122358	-0.892081	0.434994	-0.014217	0.439817	0.897975	-0.992384	0.103690	-0.066498
430	5862802488.000000													9.742418	1.080605	-1.535738	-0.119309	-0.898347	0.422774	-0.002222	0.426056	0.904694	-0.992855	0.106999	-0.052829
431	5862852499.000000													9.746046	0.262671	-1.568990	-0.115442	-0.897677	0.425263	0.013097	0.426713	0.904292	-0.993228	0.109963	-0.037503
432	5862902511.000000													9.819862	0.369414	-1.528923	-0.110364	-0.896281	0.429536	0.024891	0.429548	0.902701	-0.993579	0.110318	-0.025097
433	5862952522.000000													9.939911	0.727255	-0.969841	-0.107216	-0.893245	0.436597	0.029272	0.436102	0.899421	-0.993805	0.109213	-0.020611
434	5863002534.000000													9.761203	0.965475	-0.483355	-0.100989	-0.889360	0.445915	0.030195	0.445260	0.894892	-0.994429	0.103839	-0.018112
435	5863052545.000000													9.708124	0.677477	-0.924526	-0.093123	-0.887373	0.451550	0.025456	0.451251	0.892034	-0.995329	0.094563	-0.019433
436	5863102557.000000													8.969846	0.253694	-0.463365	-0.082537	-0.883390	0.461313	0.014749	0.461759	0.886883	-0.996479	0.080005	-0.025083
437	5863152568.000000													9.363980	-0.526115	-0.127836	-0.068865	-0.875326	0.478605	-0.016992	0.480703	0.876719	-0.997481	0.052243	-0.047977
438	5863202580.000000													9.991705	-0.337471	-0.175619	-0.057969	-0.861860	0.503822	-0.057675	0.506719	0.860180	-0.996651	0.020805	-0.079082
439	5863252591.000000													10.283522	-0.212770	-0.010970	-0.048570	-0.848383	0.527149	-0.101301	0.529235	0.842406	-0.993669	-0.012485	-0.111647
440	5863302603.000000													10.362047	-0.015141	0.041143	-0.050081	-0.833735	0.549889	-0.137558	0.551091	0.823029	-0.989227	-0.034424	-0.142286
441	5863352614.000000													10.003990	1.160746	-0.478605	-0.050840	-0.826194	0.561087	-0.144791	0.561975	0.814383	-0.988155	-0.039837	-0.148196
442	5863402626.000000													9.287652	0.757272	-0.924047	-0.052448	-0.825522	0.561927	-0.114380	0.563964	0.817840	-0.992052	-0.021380	-0.124002
443	5863452637.000000													9.266209	-1.454512	-0.363790	-0.065762	-0.826203	0.559521	-0.079708	0.563293	0.822404	-0.994647	0.009485	-0.102898
444	5863502649.000000													10.603083	-0.229125	-0.387875	-0.082421	-0.836774	0.541310	-0.056229	0.546197	0.835767	-0.995010	0.038447	-0.092069
445	5863552660.000000													10.285149	-0.895835	0.859266	-0.076840	-0.818152	0.569844	-0.024569	0.572914	0.819247	-0.996741	0.048951	-0.064124
446	5863602671.000000													8.946151	-1.353770	-2.201100	-0.084341	-0.821514	0.563915	-0.018665	0.567135	0.823413	-0.996262	0.058922	-0.063166
447	5863652683.000000													9.575518	-0.078414	-0.726275	-0.090839	-0.829384	0.551245	-0.007447	0.554083	0.832428	-0.995838	0.071511	-0.056509
448	5863702694.000000													9.898479	0.284772	-0.975393	-0.092683	-0.835895	0.541007	-0.000619	0.543395	0.839477	-0.995695	0.077471	-0.050881
449	5863752706.000000													9.812909	0.071343	-1.130544	-0.096147	-0.840659	0.532962	0.007399	0.534824	0.844931	-0.995340	0.085181	-0.045201
