// Start Time: Unknown
// Update Rate: 20.0Hz
// Filter Profile: human (46.1)
// Option Flags: AHS Disabled ICC Disabled
// Firmware Version: 4.0.2
0	sampleTimeFine	Year	Month	Day	Second	UTC_Nano	UTC_Year	UTC_Month	UTC_Day	UTC_Hour	UTC_Minute	UTC_Second	UTC_Valid	Acc_X	Acc_Y	Acc_Z	Mat[1][1]	Mat[2][1]	Mat[3][1]	Mat[1][2]	Mat[2][2]	Mat[3][2]	Mat[1][3]	Mat[2][3]	Mat[3][3]
0	5841297549.000000													9.917739	-0.773688	-0.124199	-0.021932	0.998038	0.058638	-0.055389	0.057349	-0.996817	-0.998224	-0.025110	0.054022
1	5841347560.000000													9.890480	-0.557350	-0.108274	-0.021614	0.997903	0.061006	-0.055483	0.059729	-0.996671	-0.998226	-0.024926	0.054076
2	5841397572.000000													9.855885	-0.536098	-0.229019	-0.022066	0.997925	0.060484	-0.055459	0.059183	-0.996705	-0.998217	-0.025347	0.054038
3	5841447583.000000													9.847479	-0.549470	-0.252825	-0.021947	0.997870	0.061439	-0.055169	0.060151	-0.996664	-0.998236	-0.025263	0.053732
4	5841497595.000000													9.872461	-0.548608	-0.265659	-0.022286	0.997738	0.063424	-0.054856	0.062124	-0.996560	-0.998246	-0.025688	0.053347
5	5841547606.000000													9.858769	-0.535525	-0.234753	-0.022270	0.997673	0.064445	-0.054503	0.063154	-0.996514	-0.998265	-0.025705	0.052969
6	5841597618.000000													9.884585	-0.545902	-0.243037	-0.022578	0.997604	0.065401	-0.054069	0.064103	-0.996477	-0.998282	-0.026034	0.052493
7	5841647629.000000													9.869085	-0.542701	-0.198773	-0.022565	0.997511	0.066810	-0.053664	0.065523	-0.996407	-0.998304	-0.026069	0.052052
8	5841697641.000000													9.843483	-0.499895	-0.238077	-0.023082	0.997446	0.067598	-0.053155	0.066296	-0.996383	-0.998319	-0.026591	0.051489
9	5841747652.000000													9.902229	-0.559367	-0.237010	-0.023487	0.997421	0.067820	-0.052521	0.066514	-0.996402	-0.998344	-0.026965	0.050823
10	5841797663.000000													9.877689	-0.554908	-0.225107	-0.023744	0.997368	0.068501	-0.052076	0.067193	-0.996380	-0.998361	-0.027225	0.050344
11	5841847675.000000													9.866215	-0.493220	-0.205421	-0.023710	0.997390	0.068205	-0.051821	0.066906	-0.996413	-0.998375	-0.027160	0.050099
12	5841897686.000000													9.862878	-0.504730	-0.275874	-0.024288	0.997396	0.067902	-0.051241	0.066590	-0.996464	-0.998391	-0.027682	0.049491
13	5841947698.000000													9.871912	-0.544825	-0.220290	-0.025125	0.997347	0.068316	-0.050677	0.066979	-0.996467	-0.998399	-0.028498	0.048860
14	5841997709.000000													9.882921	-0.526492	-0.222293	-0.025433	0.997298	0.068915	-0.050247	0.067575	-0.996448	-0.998413	-0.028806	0.048393
15	5842047721.000000													9.899139	-0.562382	-0.173077	-0.025209	0.997336	0.068446	-0.050263	0.067117	-0.996478	-0.998418	-0.028560	0.048437
16	5842097732.000000													9.872910	-0.576918	-0.195718	-0.024541	0.997391	0.067887	-0.050641	0.066580	-0.996495	-0.998415	-0.027893	0.048875
17	5842147744.000000													9.890098	-0.562194	-0.212678	-0.024017	0.997434	0.067437	-0.051070	0.066144	-0.996502	-0.998406	-0.027377	0.049350
18	5842197755.000000													9.878870	-0.472357	-0.214660	-0.023465	0.997496	0.066719	-0.051602	0.065440	-0.996521	-0.998392	-0.026826	0.049937
19	5842247767.000000													9.850469	-0.506135	-0.183360	-0.022614	0.997703	0.063855	-0.051983	0.062612	-0.996683	-0.998392	-0.025858	0.050448
20	5842297778.000000													9.849416	-0.520349	-0.218371	-0.022642	0.997802	0.062282	-0.052266	0.061032	-0.996766	-0.998376	-0.025824	0.050769
21	5842347790.000000													9.808210	-0.496257	-0.227946	-0.023356	0.997880	0.060748	-0.052220	0.059464	-0.996864	-0.998362	-0.026455	0.050721
22	5842397801.000000													9.897688	-0.429353	-0.371929	-0.024223	0.997888	0.060267	-0.051467	0.058960	-0.996933	-0.998381	-0.027251	0.049930
23	5842447813.000000													9.883615	-0.526254	-0.226333	-0.024320	0.997863	0.060647	-0.051021	0.059347	-0.996933	-0.998401	-0.027340	0.049468
24	5842497824.000000													9.869514	-0.442030	-0.219014	-0.023878	0.997913	0.060003	-0.050781	0.058732	-0.996981	-0.998424	-0.026853	0.049273
25	5842547836.000000													9.855020	-0.514875	-0.220103	-0.023627	0.997993	0.058756	-0.050299	0.057511	-0.997077	-0.998455	-0.026513	0.048839
26	5842597847.000000													9.895186	-0.567626	-0.256669	-0.024525	0.997911	0.059761	-0.049411	0.058495	-0.997064	-0.998477	-0.027406	0.047873
27	5842647859.000000													9.876754	-0.522249	-0.205627	-0.025173	0.997830	0.060837	-0.048407	0.059568	-0.997050	-0.998510	-0.028044	0.046802
28	5842697870.000000													9.893229	-0.500497	-0.286147	-0.026352	0.997728	0.062007	-0.047926	0.060696	-0.997005	-0.998503	-0.029245	0.046218
29	5842747882.000000													9.871770	-0.362494	-0.268767	-0.027441	0.997730	0.061493	-0.048024	0.060130	-0.997035	-0.998469	-0.030312	0.046265
30	5842797893.000000													9.864779	-0.481687	-0.266788	-0.029548	0.997781	0.059671	-0.047962	0.058213	-0.997151	-0.998412	-0.032326	0.046136
31	5842847905.000000													9.897277	-0.501538	-0.242683	-0.030214	0.997889	0.057492	-0.047708	0.056013	-0.997290	-0.998404	-0.032875	0.045915
32	5842897916.000000													9.870348	-0.528633	-0.324017	-0.030760	0.998072	0.053911	-0.048347	0.052387	-0.997456	-0.998357	-0.033288	0.046642
33	5842947928.000000													9.833673	-0.468157	-0.420074	-0.031075	0.998157	0.052130	-0.048205	0.050598	-0.997555	-0.998354	-0.033512	0.046543
34	5842997939.000000													9.875089	-0.589399	-0.228644	-0.031765	0.998068	0.053405	-0.047570	0.051862	-0.997521	-0.998363	-0.034227	0.045831
35	5843047951.000000													9.862325	-0.556665	-0.369639	-0.032528	0.997943	0.055249	-0.047319	0.053678	-0.997436	-0.998350	-0.035059	0.045475
36	5843097962.000000													9.895889	-0.415898	-0.314634	-0.033151	0.997736	0.058511	-0.047192	0.056915	-0.997263	-0.998336	-0.035821	0.045199
37	5843147974.000000													9.874316	-0.474609	-0.300002	-0.033639	0.997713	0.058635	-0.047640	0.057001	-0.997237	-0.998298	-0.036339	0.045613
38	5843197985.000000													9.857630	-0.467182	-0.377934	-0.033731	0.997750	0.057936	-0.047859	0.056290	-0.997267	-0.998284	-0.036412	0.045852
39	5843247997.000000													9.831923	-0.419219	-0.446705	-0.034662	0.997685	0.058503	-0.047243	0.056837	-0.997265	-0.998282	-0.037331	0.045164
40	5843298008.000000													9.821939	-0.401077	-0.415475	-0.035707	0.997590	0.059495	-0.045940	0.057831	-0.997269	-0.998306	-0.038342	0.043764
41	5843348020.000000													9.904367	-0.584090	-0.340863	-0.037448	0.997519	0.059613	-0.044350	0.057937	-0.997335	-0.998314	-0.039992	0.042070
42	5843398031.000000													9.951886	-0.588435	-0.342589	-0.037617	0.997430	0.060979	-0.044101	0.059306	-0.997265	-0.998319	-0.040203	0.041757
43	5843448043.000000													9.826471	-0.340602	-0.458302	-0.037207	0.997344	0.062621	-0.044228	0.060960	-0.997160	-0.998328	-0.039871	0.041843
44	5843498054.000000													9.872495	-0.337699	-0.423842	-0.036758	0.997285	0.063804	-0.043805	0.062178	-0.997103	-0.998364	-0.039446	0.041400
45	5843548066.000000													9.902074	-0.437714	-0.406738	-0.036468	0.997234	0.064759	-0.043797	0.063145	-0.997043	-0.998375	-0.039196	0.041373
46	5843598077.000000													9.865561	-0.444230	-0.346975	-0.035688	0.997233	0.065219	-0.044357	0.063616	-0.996988	-0.998378	-0.038473	0.041964
47	5843648088.000000													9.859923	-0.481593	-0.380516	-0.034520	0.997304	0.064760	-0.044717	0.063193	-0.996999	-0.998403	-0.037313	0.042415
48	5843698100.000000													9.880069	-0.416153	-0.418474	-0.034006	0.997180	0.066900	-0.044829	0.065350	-0.996855	-0.998416	-0.036898	0.042481
49	5843748111.000000													9.891933	-0.423215	-0.318972	-0.033438	0.997163	0.067438	-0.044968	0.065906	-0.996812	-0.998429	-0.036364	0.042636
50	5843798123.000000													9.868681	-0.526861	-0.373472	-0.033185	0.997195	0.067094	-0.045252	0.065563	-0.996822	-0.998424	-0.036116	0.042949
51	5843848134.000000													9.830940	-0.424384	-0.348265	-0.032298	0.997172	0.067860	-0.045699	0.066351	-0.996749	-0.998433	-0.035295	0.043427
52	5843898146.000000													9.844235	-0.339028	-0.365342	-0.031872	0.997194	0.067740	-0.045705	0.066249	-0.996756	-0.998446	-0.034864	0.043465
53	5843948157.000000													9.863277	-0.465553	-0.321636	-0.031260	0.997282	0.066718	-0.045066	0.065277	-0.996849	-0.998495	-0.034168	0.042903
54	5843998169.000000													9.887531	-0.652653	-0.245561	-0.031342	0.997196	0.067954	-0.044647	0.066523	-0.996785	-0.998511	-0.034275	0.042437
55	5844048180.000000													9.881411	-0.349735	-0.213517	-0.030681	0.997103	0.069600	-0.044634	0.068197	-0.996673	-0.998532	-0.033685	0.042412
56	5844098192.000000													9.840594	-0.380248	-0.282529	-0.030294	0.997254	0.067574	-0.044873	0.066180	-0.996798	-0.998533	-0.033229	0.042745
57	5844148203.000000													9.900884	-0.482413	-0.357829	-0.030153	0.997126	0.069502	-0.044591	0.068123	-0.996680	-0.998550	-0.033152	0.042409
58	5844198215.000000													9.848037	-0.396170	-0.221628	-0.029723	0.997157	0.069237	-0.044526	0.067878	-0.996700	-0.998566	-0.032708	0.042382
59	5844248226.000000													9.908116	-0.460280	-0.270440	-0.029796	0.997158	0.069197	-0.044467	0.067837	-0.996705	-0.998566	-0.032775	0.042320
60	5844298238.000000													9.864653	-0.491120	-0.277678	-0.029364	0.997173	0.069158	-0.044486	0.067816	-0.996706	-0.998578	-0.032343	0.042369
61	5844348249.000000													9.893226	-0.432454	-0.304166	-0.029166	0.997129	0.069872	-0.044441	0.068539	-0.996658	-0.998586	-0.032174	0.042314
62	5844398261.000000													9.869211	-0.415443	-0.246914	-0.028928	0.997144	0.069769	-0.044222	0.068453	-0.996674	-0.998603	-0.031917	0.042115
63	5844448272.000000													9.865832	-0.488641	-0.280626	-0.028904	0.997158	0.069572	-0.044022	0.068264	-0.996696	-0.998612	-0.031872	0.041923
64	5844498284.000000													9.879333	-0.476744	-0.250141	-0.028773	0.997141	0.069864	-0.043701	0.068571	-0.996689	-0.998630	-0.031731	0.041603
65	5844548295.000000													9.875145	-0.409069	-0.288393	-0.028941	0.997164	0.069467	-0.043894	0.068161	-0.996708	-0.998617	-0.031895	0.041797
66	5844598307.000000													9.857590	-0.444831	-0.286678	-0.029060	0.997287	0.067629	-0.044039	0.066315	-0.996826	-0.998607	-0.031946	0.041993
67	5844648318.000000													9.884148	-0.482108	-0.273778	-0.029125	0.997345	0.066740	-0.043982	0.065425	-0.996888	-0.998608	-0.031970	0.041960
68	5844698330.000000													9.869783	-0.543617	-0.273902	-0.029020	0.997311	0.067302	-0.044176	0.065985	-0.996842	-0.998602	-0.031901	0.042142
69	5844748341.000000													9.866606	-0.389968	-0.271475	-0.028776	0.997235	0.068510	-0.044386	0.067196	-0.996752	-0.998600	-0.031724	0.042329
70	5844798353.000000													9.875590	-0.386360	-0.295988	-0.028672	0.997281	0.067881	-0.044614	0.066565	-0.996784	-0.998593	-0.031608	0.042584
71	5844848364.000000													9.848196	-0.439712	-0.315350	-0.028799	0.997281	0.067839	-0.044671	0.066515	-0.996785	-0.998587	-0.031737	0.042634
72	5844898376.000000													9.885945	-0.391442	-0.251354	-0.028718	0.997277	0.067925	-0.044718	0.066603	-0.996777	-0.998587	-0.031663	0.042684
73	5844948387.000000													9.869243	-0.494928	-0.279160	-0.028907	0.997272	0.067919	-0.044666	0.066591	-0.996780	-0.998584	-0.031848	0.042620
74	5844998399.000000													9.885686	-0.456178	-0.268182	-0.028867	0.997251	0.068238	-0.044756	0.066908	-0.996755	-0.998581	-0.031827	0.042702
75	5845048410.000000													9.875567	-0.422781	-0.283135	-0.028987	0.997252	0.068184	-0.044947	0.066843	-0.996751	-0.998569	-0.031957	0.042886
76	5845098422.000000													9.853089	-0.439388	-0.300311	-0.028914	0.997248	0.068262	-0.044918	0.066925	-0.996746	-0.998572	-0.031886	0.042859
77	5845148433.000000													9.898381	-0.428140	-0.260818	-0.029094	0.997259	0.068033	-0.044936	0.066688	-0.996761	-0.998566	-0.032056	0.042873
78	5845198445.000000													9.871273	-0.489364	-0.269762	-0.028976	0.997344	0.066829	-0.044992	0.065488	-0.996839	-0.998567	-0.031891	0.042975
79	5845248456.000000													9.879675	-0.468201	-0.294507	-0.028880	0.997348	0.066798	-0.045200	0.065455	-0.996831	-0.998560	-0.031808	0.043190
80	5845298468.000000													9.851947	-0.394784	-0.291492	-0.029037	0.997373	0.066357	-0.045270	0.065005	-0.996858	-0.998553	-0.031950	0.043263
81	5845348479.000000													9.884452	-0.427963	-0.288742	-0.029410	0.997374	0.066176	-0.044892	0.064820	-0.996887	-0.998559	-0.032289	0.042868
82	5845398490.000000													9.881910	-0.525604	-0.281530	-0.029585	0.997371	0.066149	-0.044614	0.064794	-0.996901	-0.998566	-0.032444	0.042580
83	5845448502.000000													9.876128	-0.453586	-0.270803	-0.029585	0.997388	0.065894	-0.044510	0.064543	-0.996922	-0.998571	-0.032427	0.042485
84	5845498513.000000													9.878742	-0.427641	-0.309317	-0.029761	0.997431	0.065156	-0.044320	0.063804	-0.996978	-0.998574	-0.032558	0.042307
85	5845548525.000000													9.868245	-0.507245	-0.285396	-0.030024	0.997443	0.064861	-0.044022	0.063508	-0.997010	-0.998579	-0.032790	0.042002
86	5845598536.000000													9.873651	-0.426234	-0.273514	-0.030027	0.997394	0.065599	-0.043879	0.064250	-0.996969	-0.998586	-0.032814	0.041835
87	5845648548.000000													9.894288	-0.401407	-0.247636	-0.029813	0.997436	0.065062	-0.043790	0.063726	-0.997006	-0.998596	-0.032572	0.041778
88	5845698559.000000													9.876614	-0.407822	-0.232595	-0.029327	0.997590	0.062881	-0.043723	0.061567	-0.997145	-0.998613	-0.031992	0.041812
89	5845748571.000000													9.917893	-0.471014	-0.244458	-0.028840	0.997808	0.059568	-0.044247	0.058260	-0.997320	-0.998604	-0.031399	0.042470
90	5845798582.000000													9.705955	-0.397386	-0.202921	-0.031648	0.997812	0.058041	-0.045776	0.056562	-0.997349	-0.998450	-0.034221	0.043886
91	5845848594.000000													9.440208	-0.302603	-0.390659	-0.039032	0.997527	0.058445	-0.046440	0.056615	-0.997315	-0.998158	-0.041641	0.044116
92	5845898605.000000													10.499300	-0.215211	-0.597155	-0.041807	0.997538	0.056300	-0.046641	0.054339	-0.997433	-0.998036	-0.044325	0.044255
93	5845948617.000000													9.929835	-0.550963	0.048605	-0.041753	0.997601	0.055216	-0.050999	0.053065	-0.997288	-0.997826	-0.044456	0.048661
94	5845998628.000000													9.746816	-0.136702	-0.378505	-0.041268	0.998014	0.047595	-0.054872	0.045300	-0.997465	-0.997640	-0.043775	0.052893
95	5846048640.000000													9.842152	-0.524454	-0.378813	-0.039906	0.998416	0.039660	-0.058710	0.037280	-0.997579	-0.997477	-0.042138	0.057129
96	5846098651.000000													9.856739	-0.471292	-0.399892	-0.039877	0.998566	0.035721	-0.062277	0.033197	-0.997507	-0.997262	-0.042002	0.060864
97	5846148663.000000													9.932120	-0.576976	-0.129619	-0.039690	0.998779	0.029415	-0.067831	0.026677	-0.997340	-0.996907	-0.041580	0.066689
98	5846198674.000000													9.932277	-0.555591	-0.227932	-0.036804	0.999150	0.018561	-0.074593	0.015775	-0.997089	-0.996535	-0.038081	0.073949
99	5846248686.000000													9.734529	-0.623747	-0.232362	-0.034993	0.999369	0.006161	-0.082893	0.003241	-0.996553	-0.995944	-0.035383	0.082727
100	5846298697.000000													9.707421	-0.648537	-0.387103	-0.035054	0.999352	-0.008120	-0.090555	-0.011268	-0.995828	-0.995274	-0.034172	0.090891
101	5846348709.000000													9.805302	-0.695588	-0.354361	-0.034884	0.999173	-0.020874	-0.096950	-0.024172	-0.994996	-0.994678	-0.032686	0.097713
102	5846398720.000000													9.717837	-0.662663	-0.045283	-0.033903	0.998752	-0.036667	-0.103191	-0.039990	-0.993857	-0.994084	-0.029911	0.104418
103	5846448732.000000													9.702479	-0.838942	-0.561745	-0.033773	0.997441	-0.063008	-0.108609	-0.066334	-0.991869	-0.993511	-0.026656	0.110571
104	5846498743.000000													9.784911	-1.294774	-1.467270	-0.036088	0.995392	-0.088841	-0.113556	-0.092407	-0.989225	-0.992876	-0.025611	0.116368
105	5846548755.000000													10.304220	-1.988203	-1.331493	-0.037407	0.994573	-0.097080	-0.117160	-0.100843	-0.987980	-0.992408	-0.025584	0.120296
106	5846598766.000000													9.898192	-1.558811	-1.173962	-0.030481	0.996380	-0.079356	-0.124928	-0.082568	-0.988724	-0.991697	-0.020223	0.126992
107	5846648778.000000													9.800692	-0.601509	-0.862819	-0.021655	0.997661	-0.064840	-0.134366	-0.067171	-0.988653	-0.990695	-0.012697	0.135507
108	5846698789.000000													9.842329	-0.843601	-0.814359	-0.009075	0.998454	-0.054846	-0.144623	-0.055582	-0.987924	-0.989445	-0.001034	0.144904
109	5846748801.000000													9.904251	-0.708565	-0.352936	0.007268	0.998774	-0.048961	-0.155631	-0.047236	-0.986685	-0.987789	0.014791	0.155097
110	5846798812.000000													9.790195	-1.080396	-0.730857	0.022852	0.998442	-0.050909	-0.168692	-0.046341	-0.984579	-0.985404	0.031088	0.167370
111	5846848824.000000													9.710225	-1.571481	-1.078362	0.038493	0.998616	-0.035826	-0.179959	-0.028339	-0.983266	-0.982921	0.044296	0.178620
112	5846898835.000000													9.742896	-1.376988	-1.010714	0.054596	0.998506	-0.002357	-0.186195	0.007862	-0.982481	-0.980995	0.054078	0.186346
113	5846948847.000000													10.281069	-0.752020	-1.059807	0.070543	0.996353	0.048002	-0.189358	0.060623	-0.980035	-0.979371	0.060045	0.192944
114	5846998858.000000													11.101595	0.016492	-0.958942	0.081134	0.993533	0.079428	-0.188327	0.093537	-0.977642	-0.978749	0.064362	0.194698
115	5847048870.000000													9.334787	0.717256	-1.648297	0.074412	0.993825	0.082314	-0.162678	0.093535	-0.982236	-0.983869	0.059700	0.168633
116	5847098881.000000													8.533095	2.646344	-2.559269	0.040579	0.995552	0.085032	-0.107327	0.088953	-0.990237	-0.993395	0.031056	0.110459
117	5847148893.000000													9.428786	0.334133	-1.702473	-0.016516	0.993297	0.114401	-0.028314	0.113906	-0.993088	-0.999463	-0.019641	0.026243
118	5847198904.000000													11.141909	-1.866009	-0.548613	-0.097157	0.976948	0.190085	0.036028	0.194316	-0.980277	-0.994617	-0.088392	-0.054076
119	5847248915.000000													12.558543	2.252615	0.895475	-0.161807	0.967088	0.196367	0.084627	0.211854	-0.973630	-0.983187	-0.140922	-0.116122
120	5847298927.000000													10.263006	1.048426	0.518191	-0.195138	0.974452	0.111193	0.135042	0.138988	-0.981043	-0.971434	-0.176423	-0.158714
121	5847348938.000000													9.652301	0.209469	-0.880604	-0.220648	0.975350	0.002530	0.181264	0.043555	-0.982470	-0.958362	-0.216321	-0.186406
122	5847398950.000000													9.243445	-0.442364	-1.167252	-0.234040	0.969771	-0.069058	0.213294	-0.018084	-0.976821	-0.948541	-0.243345	-0.202614
123	5847448961.000000													8.615131	-0.358041	-1.444286	-0.240489	0.966300	-0.091811	0.226008	-0.036243	-0.973451	-0.943973	-0.254854	-0.209675
124	5847498973.000000													8.607081	2.497476	-1.341906	-0.242973	0.965908	-0.089362	0.224074	-0.033744	-0.973988	-0.943798	-0.256677	-0.208236
125	5847548984.000000													9.055569	1.621853	-3.401710	-0.256339	0.963841	-0.072809	0.204979	-0.019407	-0.978574	-0.944603	-0.265771	-0.192592
126	5847598996.000000													8.333836	5.909959	-3.954103	-0.249755	0.966106	-0.065276	0.188103	-0.017721	-0.981989	-0.949863	-0.257535	-0.177301
127	5847649007.000000													9.442405	6.742941	-3.972059	-0.262582	0.960119	-0.096031	0.208876	-0.040604	-0.977099	-0.942031	-0.276627	-0.189884
128	5847699019.000000													13.035511	-0.034064	-0.939066	-0.255699	0.957596	-0.132769	0.190886	-0.084622	-0.977958	-0.947724	-0.275406	-0.161154
129	5847749030.000000													10.318952	2.521267	-1.244920	-0.233882	0.957661	-0.167881	0.181527	-0.126622	-0.975200	-0.955169	-0.258557	-0.144227
130	5847799042.000000													10.979506	-5.026237	-0.707012	-0.208272	0.968327	-0.137715	0.123437	-0.113654	-0.985822	-0.970251	-0.222318	-0.095857
131	5847849053.000000													9.841455	1.817009	-0.447133	-0.171082	0.977722	-0.121620	0.070372	-0.110999	-0.991326	-0.982741	-0.178156	-0.049814
132	5847899065.000000													9.129267	-0.933989	-2.394099	-0.130992	0.980425	-0.146996	0.023738	-0.145129	-0.989128	-0.991099	-0.133057	-0.004262
133	5847949076.000000													9.499715	-1.506065	-2.089330	-0.097724	0.989423	-0.107206	-0.023482	-0.109984	-0.993656	-0.994936	-0.094586	0.033982
134	5847999088.000000													9.203005	0.032857	-1.726189	-0.060681	0.997797	-0.026809	-0.062814	-0.030622	-0.997555	-0.996179	-0.058848	0.064534
135	5848049099.000000													9.406590	0.727379	-0.450467	-0.029296	0.999565	0.003426	-0.093630	0.000668	-0.995607	-0.995176	-0.029488	0.093570
136	5848099111.000000													9.555291	-0.912232	-0.502756	-0.004413	0.999972	-0.006000	-0.128054	-0.006516	-0.991746	-0.991757	-0.003609	0.128080
137	5848149122.000000													9.541268	-1.307488	-1.210819	0.021789	0.999759	0.002773	-0.160325	0.006232	-0.987045	-0.986824	0.021062	0.160422
138	5848199134.000000													9.602615	-0.360106	-0.823395	0.048291	0.998282	0.033188	-0.184609	0.041575	-0.981932	-0.981625	0.041292	0.186300
139	5848249145.000000													10.723372	-0.502070	-1.268126	0.073944	0.994592	0.072937	-0.200280	0.086458	-0.975916	-0.976944	0.057556	0.205590
140	5848299157.000000													9.596324	1.084725	-2.623980	0.082931	0.992682	0.087782	-0.201601	0.102975	-0.974040	-0.975951	0.063081	0.208666
141	5848349168.000000													10.389254	1.895257	-4.651948	0.070953	0.993179	0.092524	-0.171929	0.103547	-0.979652	-0.982551	0.053602	0.178104
142	5848399180.000000													8.446282	2.380162	-1.760278	0.030459	0.988672	0.146972	-0.080148	0.148983	-0.985586	-0.996318	0.018241	0.083778
143	5848449191.000000													10.107116	-0.583560	-1.151461	-0.045900	0.986518	0.157082	0.006159	0.157524	-0.987496	-0.998927	-0.044359	-0.013306
144	5848499203.000000													12.997436	-1.187264	-0.824911	-0.166045	0.975594	0.143682	0.059787	0.155397	-0.986041	-0.984304	-0.155137	-0.084131
145	5848549214.000000													12.123722	0.304203	0.828807	-0.242370	0.967116	0.077096	0.129575	0.111021	-0.985335	-0.961492	-0.228826	-0.152222
146	5848599226.000000													11.072349	-1.218389	0.346839	-0.289593	0.957149	-0.001082	0.197307	0.058591	-0.978589	-0.936593	-0.283606	-0.205820
147	5848649237.000000													9.358815	-0.748413	0.053863	-0.306021	0.950353	-0.056398	0.243295	0.020795	-0.969730	-0.920413	-0.310478	-0.237579
148	5848699249.000000													8.456573	-0.432201	1.174800	-0.296701	0.949070	-0.105993	0.264411	-0.025009	-0.964086	-0.917636	-0.314071	-0.243524
149	5848749260.000000													7.104363	0.299473	-1.668331	-0.277933	0.952750	-0.122557	0.256292	-0.049411	-0.965336	-0.925779	-0.299709	-0.230449
150	5848799272.000000													9.531527	0.397781	-4.341584	-0.288215	0.955410	-0.064224	0.212511	-0.001578	-0.977157	-0.933687	-0.295280	-0.202580
151	5848849283.000000													7.360942	11.125957	-8.574104	-0.304352	0.951944	-0.034252	0.203766	0.029937	-0.978562	-0.930510	-0.304806	-0.203085
152	5848899295.000000													10.595087	2.906022	-0.886120	-0.321500	0.944023	-0.073884	0.244813	0.007493	-0.969541	-0.914715	-0.329796	-0.233518
153	5848949306.000000													15.571293	3.422918	0.320888	-0.268424	0.956216	-0.116621	0.200613	-0.062919	-0.977648	-0.942180	-0.285819	-0.174940
154	5848999318.000000													9.462754	-1.705021	-2.965211	-0.252999	0.947384	-0.196101	0.215696	-0.142359	-0.966028	-0.943115	-0.286702	-0.168330
155	5849049329.000000													10.747590	-4.390460	-0.624725	-0.242777	0.964355	-0.105257	0.128187	-0.075660	-0.988860	-0.961576	-0.253564	-0.105249
156	5849099340.000000													9.854631	2.559113	-0.999421	-0.192685	0.977042	-0.090897	0.084942	-0.075677	-0.993508	-0.977577	-0.199155	-0.068410
157	5849149352.000000													9.340913	-1.735083	-2.294676	-0.151179	0.981942	-0.113736	0.035848	-0.109536	-0.993336	-0.987856	-0.154249	-0.018641
158	5849199363.000000													9.521603	-1.815554	-1.497674	-0.112969	0.990857	-0.073765	-0.014408	-0.075867	-0.997014	-0.993494	-0.111569	0.022847
159	5849249375.000000													8.949453	0.434685	-2.156851	-0.072591	0.997210	0.017427	-0.060363	0.013048	-0.998091	-0.995533	-0.073505	0.059247
160	5849299386.000000													9.165842	1.421642	0.040131	-0.042275	0.998114	0.044513	-0.083602	0.040863	-0.995661	-0.995602	-0.045813	0.081717
161	5849349398.000000													9.818107	0.376318	-0.564967	-0.027081	0.999484	0.017262	-0.113438	0.014084	-0.993445	-0.993176	-0.028862	0.112998
162	5849399409.000000													9.301389	-1.720227	-1.726739	-0.012027	0.999907	-0.006467	-0.145557	-0.008150	-0.989316	-0.989277	-0.010957	0.145642
163	5849449421.000000													9.731348	-1.991217	-2.600491	0.012285	0.999134	0.039753	-0.164115	0.041231	-0.985579	-0.986365	0.005584	0.164479
164	5849499432.000000													9.864290	0.618703	-1.208009	0.030589	0.994025	0.104779	-0.167411	0.108442	-0.979905	-0.985412	0.012434	0.169728
165	5849549444.000000													10.013212	2.570571	-1.660217	0.026569	0.993824	0.107743	-0.152616	0.110550	-0.982083	-0.987928	0.009650	0.154611
166	5849599455.000000													10.298499	1.492683	-2.888495	0.018190	0.994405	0.104061	-0.097155	0.105343	-0.989679	-0.995103	0.007893	0.098527
167	5849649467.000000													8.616697	-0.315472	-0.081472	0.001864	0.990916	0.134467	0.003513	0.134460	-0.990913	-0.999992	0.002319	-0.003230
168	5849699478.000000													10.123977	-1.276584	-2.047798	-0.075266	0.984701	0.157159	0.064032	0.162053	-0.984702	-0.995105	-0.064051	-0.075250
169	5849749490.000000													12.709721	-0.990735	0.154972	-0.153244	0.976820	0.149461	0.110708	0.167266	-0.979676	-0.981968	-0.133583	-0.133774
170	5849799501.000000													10.947579	0.459631	0.891298	-0.199998	0.975538	0.091251	0.151265	0.122759	-0.980841	-0.968049	-0.182363	-0.172116
171	5849849513.000000													10.565916	-0.502449	0.233910	-0.226687	0.973913	0.010332	0.178829	0.052047	-0.982503	-0.957410	-0.220873	-0.185962
172	5849899524.000000													9.550566	-0.609351	-0.372570	-0.224887	0.967489	-0.115718	0.194543	-0.071786	-0.978264	-0.954766	-0.242511	-0.172074
173	5849949536.000000													8.763107	1.883923	-0.848252	-0.215337	0.938083	-0.271348	0.200979	-0.229346	-0.952370	-0.955634	-0.259616	-0.139149
174	5849999547.000000													9.129847	3.445911	-1.485199	-0.208027	0.899299	-0.384689	0.205485	-0.344336	-0.916083	-0.956295	-0.269618	-0.113161
175	5850049559.000000													9.483636	0.992292	-1.666481	-0.155756	0.852448	-0.499071	0.198969	-0.467807	-0.861143	-0.967549	-0.233428	-0.096747
176	5850099570.000000													9.064418	5.080698	-2.417726	-0.112495	0.804960	-0.582567	0.190591	-0.557923	-0.807711	-0.975202	-0.201896	-0.090655
177	5850149582.000000													9.178453	1.042894	-4.716295	-0.111439	0.716232	-0.688908	0.210814	-0.660410	-0.720705	-0.971153	-0.225546	-0.077397
178	5850199593.000000													10.936404	-1.747178	1.823196	-0.107796	0.643768	-0.757590	0.181618	-0.736455	-0.651650	-0.977443	-0.207838	-0.037533
179	5850249605.000000													12.232614	-0.432262	0.201661	-0.078257	0.536174	-0.840472	0.143543	-0.828213	-0.541719	-0.986545	-0.163037	-0.012150
180	5850299616.000000													9.274331	-1.898340	0.427544	-0.061133	0.474103	-0.878345	0.107525	-0.871741	-0.478022	-0.992321	-0.123667	0.002314
181	5850349628.000000													9.033533	1.013893	-2.469695	-0.060381	0.445115	-0.893435	0.068193	-0.891138	-0.448579	-0.995843	-0.088011	0.023454
182	5850399639.000000													9.821993	1.814955	-1.432673	-0.059817	0.400654	-0.914275	0.043905	-0.913972	-0.403394	-0.997243	-0.064271	0.037080
183	5850449651.000000													9.308800	-0.766865	-2.526196	-0.063365	0.329494	-0.942029	0.023750	-0.943161	-0.331487	-0.997708	-0.043378	0.051938
184	5850499662.000000													9.802707	-0.581429	-1.623251	-0.072297	0.273110	-0.959262	0.005286	-0.961661	-0.274192	-0.997369	-0.024894	0.068082
185	5850549674.000000													9.644052	-0.619215	-0.741544	-0.079821	0.188844	-0.978758	-0.007883	-0.981980	-0.188822	-0.996778	-0.007357	0.079871
186	5850599685.000000													9.666093	-1.575581	-1.579054	-0.097891	0.085761	-0.991495	-0.020075	-0.996247	-0.084190	-0.994995	0.011663	0.099246
187	5850649697.000000													9.775593	-1.153074	-0.678899	-0.109934	-0.012573	-0.993859	-0.022018	-0.999644	0.015082	-0.993695	0.023541	0.109618
188	5850699708.000000													9.959881	-1.563517	-1.698309	-0.120901	-0.113841	-0.986115	-0.026985	-0.992658	0.117905	-0.992298	0.040866	0.116941
189	5850749720.000000													9.694849	-0.697096	-1.880239	-0.134994	-0.199777	-0.970498	-0.028839	-0.978256	0.205386	-0.990427	0.055714	0.126297
190	5850799731.000000													9.536875	-0.960483	-2.268798	-0.150418	-0.296106	-0.943237	-0.019165	-0.953039	0.302239	-0.988437	0.063539	0.137679
191	5850849742.000000													9.698415	-0.707560	-1.147058	-0.170857	-0.381869	-0.908286	-0.004662	-0.921518	0.388309	-0.985285	0.070580	0.155668
192	5850899754.000000													9.644773	-0.737908	-1.632346	-0.193367	-0.464534	-0.864186	0.023252	-0.882732	0.469301	-0.980851	0.070654	0.181492
193	5850949765.000000													10.498133	0.206408	-2.994257	-0.215388	-0.513768	-0.830452	0.068378	-0.856260	0.511999	-0.974132	0.053494	0.219559
194	5850999777.000000													9.624218	2.425113	-2.735406	-0.227804	-0.548720	-0.804370	0.124376	-0.835722	0.534882	-0.965731	0.021804	0.258629
195	5851049788.000000													9.469820	1.873333	-5.301038	-0.223057	-0.625020	-0.748061	0.182253	-0.780603	0.597865	-0.957617	-0.002978	0.288030
196	5851099800.000000													9.935684	-0.140267	-4.897776	-0.221554	-0.707116	-0.671491	0.203651	-0.706972	0.677286	-0.953646	0.013305	0.300638
197	5851149811.000000													9.388906	0.592504	-3.023384	-0.200440	-0.800618	-0.564654	0.207070	-0.597950	0.774324	-0.957573	0.038283	0.285638
198	5851199823.000000													9.062767	1.526872	-2.044453	-0.168550	-0.890141	-0.423368	0.202688	-0.451633	0.868876	-0.964629	0.060638	0.256544
199	5851249834.000000													8.621702	1.245650	-2.030638	-0.139675	-0.954569	-0.263226	0.187724	-0.286538	0.939498	-0.972240	0.081811	0.219218
200	5851299846.000000													9.584687	0.163599	-1.752414	-0.133228	-0.978025	-0.160367	0.168365	-0.181792	0.968816	-0.976680	0.102073	0.188885
201	5851349857.000000													9.662108	0.473943	-1.530910	-0.133520	-0.984395	-0.114629	0.142648	-0.133549	0.980722	-0.980726	0.114594	0.158253
202	5851399869.000000													9.941232	0.278043	-0.984613	-0.129681	-0.986404	-0.100948	0.111494	-0.115668	0.987011	-0.985267	0.116741	0.124978
203	5851449880.000000													10.052351	2.163320	-0.777299	-0.119442	-0.987277	-0.104967	0.073410	-0.114217	0.990740	-0.990124	0.110631	0.086118
204	5851499892.000000													10.822112	3.239605	0.528389	-0.096351	-0.992038	-0.081102	0.050949	-0.086290	0.994966	-0.994043	0.091734	0.058858
205	5851549903.000000													9.727802	-0.670200	-2.226405	-0.066641	-0.997359	-0.028890	0.022837	-0.030472	0.999275	-0.997516	0.065933	0.024808
206	5851599915.000000													9.771846	1.077041	-1.158176	-0.048680	-0.998518	-0.024336	-0.011907	-0.023783	0.999646	-0.998743	0.048952	-0.010731
207	5851649926.000000													9.457417	0.528668	-0.198410	-0.024216	-0.999595	0.014937	-0.037856	0.015848	0.999158	-0.998990	0.023630	-0.038224
208	5851699938.000000													9.117713	-0.238716	-1.634669	-0.014502	-0.997849	0.063928	-0.058615	0.064673	0.996184	-0.998175	0.010699	-0.059427
209	5851749949.000000													9.565713	-1.529463	-2.225341	-0.014034	-0.995107	0.097803	-0.070230	0.098552	0.992651	-0.997432	0.007062	-0.071270
210	5851799961.000000													9.803787	-1.921293	-1.795946	-0.018388	-0.995432	0.093685	-0.077467	0.094838	0.992474	-0.996825	0.010992	-0.078857
211	5851849972.000000													9.668265	-0.993640	-0.680695	-0.018723	-0.996591	0.080354	-0.085966	0.081675	0.992945	-0.996122	0.011684	-0.087202
212	5851899984.000000													10.801111	-1.562038	-0.200734	-0.012616	-0.997573	0.068473	-0.097986	0.069383	0.992766	-0.995108	0.005815	-0.098624
213	5851949995.000000													9.750114	-0.410809	-0.742479	0.008949	-0.998690	0.050377	-0.115687	0.049007	0.992076	-0.993245	-0.014706	-0.115097
214	5852000007.000000													10.022636	-0.681498	-1.352611	0.030058	-0.999081	0.030561	-0.135323	0.026226	0.990454	-0.990346	-0.033907	-0.134410
215	5852050018.000000													9.926729	-1.056375	-0.731514	0.054432	-0.998469	0.009818	-0.158090	0.001091	0.987424	-0.985923	-0.055300	-0.157788
216	5852100030.000000													9.526039	-0.706546	-0.950156	0.076754	-0.997040	-0.004511	-0.178675	-0.018206	0.983740	-0.980910	-0.074700	-0.179544
217	5852150041.000000													9.971893	-1.134173	-1.319207	0.089437	-0.995723	-0.023182	-0.190577	-0.039954	0.980859	-0.977590	-0.083307	-0.193335
218	5852200053.000000													10.840915	-1.563350	-0.821892	0.114446	-0.990617	-0.074705	-0.197713	-0.096407	0.975508	-0.973556	-0.096873	-0.206891
219	5852250064.000000													10.359887	0.679334	-1.622134	0.128717	-0.986367	-0.102530	-0.196933	-0.126756	0.972188	-0.971931	-0.104946	-0.210564
220	5852300076.000000													10.285923	2.179092	-3.098275	0.108240	-0.990205	-0.088198	-0.174459	-0.106262	0.978914	-0.978697	-0.090571	-0.184252
221	5852350087.000000													9.069524	2.236392	-1.796012	0.065046	-0.992742	-0.101155	-0.108272	-0.107793	0.988260	-0.991991	-0.053330	-0.114497
222	5852400099.000000													7.973763	-1.166720	-0.674701	0.015107	-0.991750	-0.127295	-0.016081	-0.127534	0.991704	-0.999757	-0.012935	-0.017875
223	5852450110.000000													12.748820	-0.927115	-1.751698	-0.061563	-0.982634	-0.175042	0.047858	-0.178079	0.982852	-0.996955	0.052130	0.057990
224	5852500122.000000													11.457941	0.741186	1.788812	-0.126320	-0.986011	-0.108748	0.104900	-0.122289	0.986935	-0.986428	0.113262	0.118880
225	5852550133.000000													9.752834	1.075070	-0.450801	-0.166395	-0.986059	-0.000611	0.171847	-0.029609	0.984679	-0.970969	0.163741	0.174378
226	5852600145.000000													9.878202	-0.671668	-1.560488	-0.202429	-0.975983	0.080491	0.227025	0.033185	0.973323	-0.952618	0.215303	0.214855
227	5852650156.000000													9.186891	-1.645349	-0.462755	-0.220590	-0.969364	0.108042	0.261479	0.047944	0.964018	-0.939664	0.240904	0.242892
228	5852700167.000000													8.130906	0.780402	-1.662732	-0.240845	-0.965054	0.103272	0.268002	0.036140	0.962740	-0.932828	0.259548	0.249932
229	5852750179.000000													8.432384	2.760906	-3.283319	-0.254911	-0.962110	0.096775	0.263282	0.027242	0.964334	-0.930432	0.271299	0.246362
230	5852800190.000000													8.502374	3.492920	-2.378705	-0.257596	-0.963039	0.078735	0.238993	0.015451	0.970898	-0.936230	0.268917	0.226179
231	5852850202.000000													9.084129	8.490623	-5.504769	-0.262125	-0.959477	0.103417	0.241057	0.038667	0.969740	-0.934442	0.279122	0.221153
232	5852900213.000000													11.467107	0.154186	-1.081564	-0.254926	-0.955677	0.147290	0.240527	0.084864	0.966926	-0.936568	0.281921	0.208232
233	5852950225.000000													12.734593	6.446872	-0.749658	-0.215587	-0.960505	0.175934	0.217943	0.128296	0.967492	-0.951852	0.246922	0.181676
234	5853000236.000000													10.397733	-9.720634	-2.869081	-0.209269	-0.965829	0.152909	0.174367	0.117009	0.977704	-0.962186	0.231266	0.143923
235	5853050248.000000													11.075599	3.757534	1.533885	-0.175041	-0.977411	0.118440	0.112576	0.099639	0.988635	-0.978104	0.186386	0.092592
236	5853100259.000000													9.345271	-2.272616	-2.544675	-0.122229	-0.982126	0.143139	0.063819	0.136144	0.988631	-0.990448	0.129975	0.046037
237	5853150271.000000													9.343444	-1.484167	-1.952364	-0.081899	-0.991937	0.096715	0.001562	0.096913	0.995292	-0.996639	0.081665	-0.006387
238	5853200282.000000													8.448087	0.732907	-2.313360	-0.039835	-0.998680	0.032427	-0.043636	0.034160	0.998463	-0.998253	0.038358	-0.044939
239	5853250294.000000													9.341751	0.891917	-0.880891	-0.011537	-0.999932	-0.001927	-0.076789	-0.001036	0.997047	-0.996981	0.011650	-0.076772
240	5853300305.000000													9.959441	-0.200539	-0.565534	0.014997	-0.999887	0.000677	-0.116259	-0.001071	0.993218	-0.993106	-0.014974	-0.116261
241	5853350317.000000													9.126697	-0.927055	-0.789149	0.046224	-0.998899	0.008001	-0.152708	0.000849	0.988271	-0.987190	-0.046904	-0.152501
242	5853400328.000000													9.758864	-0.735095	-1.852836	0.067682	-0.997574	-0.016311	-0.183103	-0.028491	0.982681	-0.980761	-0.063523	-0.184587
243	5853450340.000000													10.481693	-0.789182	-1.721727	0.100569	-0.992535	-0.068987	-0.198956	-0.088000	0.976049	-0.974835	-0.084435	-0.206321
244	5853500351.000000													10.053316	0.945558	-3.456825	0.113932	-0.987278	-0.110914	-0.194205	-0.131620	0.972091	-0.974322	-0.089212	-0.206730
245	5853550363.000000													10.025021	4.351507	-4.588582	0.091041	-0.988687	-0.119205	-0.152898	-0.132160	0.979365	-0.984039	-0.070936	-0.163200
246	5853600374.000000													9.064564	0.647161	0.032052	0.046672	-0.986202	-0.158830	-0.051857	-0.161181	0.985561	-0.997563	-0.037762	-0.058665
247	5853650386.000000													12.395497	-2.366826	-1.558802	-0.034003	-0.982205	-0.184708	0.031927	-0.185788	0.982071	-0.998912	0.027496	0.037676
248	5853700397.000000													12.479768	0.077031	-0.221472	-0.144896	-0.973504	-0.176906	0.086999	-0.190636	0.977798	-0.985615	0.126288	0.112316
249	5853750409.000000													11.188722	0.369860	2.280015	-0.216520	-0.971022	-0.101166	0.156760	-0.136859	0.978108	-0.963610	0.195922	0.181850
250	5853800420.000000													9.757884	-0.876331	0.392005	-0.252688	-0.967500	-0.009587	0.223391	-0.067979	0.972355	-0.941406	0.243561	0.233309
251	5853850432.000000													8.411357	-1.466415	-0.171276	-0.261825	-0.963511	0.055623	0.269174	-0.017556	0.962932	-0.926819	0.267092	0.263949
252	5853900443.000000													7.801696	-1.461369	0.275051	-0.262255	-0.960175	0.096364	0.279541	0.019987	0.959926	-0.923623	0.278683	0.263166
253	5853950455.000000													7.772749	1.635625	-3.805809	-0.274199	-0.957967	0.084341	0.255484	0.011986	0.966739	-0.927115	0.286627	0.241458
254	5854000466.000000													9.815727	4.825557	-4.122989	-0.265200	-0.961352	0.073972	0.225345	0.012796	0.974195	-0.937491	0.275025	0.213242
255	5854050478.000000													8.044229	10.110297	-6.884774	-0.292880	-0.951078	0.098351	0.254524	0.021600	0.966825	-0.921650	0.308196	0.235746
256	5854100489.000000													14.478847	-0.058155	0.962864	-0.281829	-0.947414	0.151589	0.250350	0.079907	0.964852	-0.926227	0.309874	0.214665
257	5854150501.000000													11.710725	3.872323	-1.216532	-0.231918	-0.948003	0.217955	0.254534	0.157115	0.954216	-0.938843	0.276777	0.204861
258	5854200512.000000													10.373636	-11.275494	-3.682530	-0.241439	-0.959897	0.142498	0.175544	0.101218	0.979254	-0.954407	0.261444	0.144066
259	5854250524.000000													11.199795	5.993570	2.291969	-0.189385	-0.975397	0.112849	0.114760	0.092153	0.989110	-0.975174	0.200273	0.094484
260	5854300535.000000													8.954531	-3.136916	-3.890813	-0.132373	-0.982859	0.128318	0.060798	0.121162	0.990769	-0.989334	0.138953	0.043717
261	5854350547.000000													9.719121	-1.379031	-1.579641	-0.093171	-0.994267	0.052470	-0.010947	0.053719	0.998496	-0.995590	0.092456	-0.015889
262	5854400558.000000													8.466724	1.392279	-1.484343	-0.034946	-0.999011	-0.027483	-0.069374	-0.025008	0.997277	-0.996978	0.036757	-0.068431
263	5854450570.000000													8.269003	1.560209	-1.334393	-0.004137	-0.999638	-0.026577	-0.107422	-0.025979	0.993874	-0.994205	0.006967	-0.107275
264	5854500581.000000													10.468818	-0.705252	-0.792399	0.016972	-0.999782	-0.012145	-0.148471	-0.014533	0.988810	-0.988771	-0.014978	-0.148685
265	5854550592.000000													8.496146	-1.716483	-1.905187	0.039268	-0.998965	-0.022954	-0.188346	-0.029960	0.981646	-0.981317	-0.034224	-0.189328
266	5854600604.000000													11.328548	-1.409858	-2.700317	0.080531	-0.992037	-0.096832	-0.206234	-0.111629	0.972114	-0.975183	-0.058315	-0.213581
267	5854650615.000000													9.640532	2.775216	-1.642600	0.108324	-0.983757	-0.143134	-0.205248	-0.163011	0.965039	-0.972697	-0.075158	-0.219572
268	5854700627.000000													10.235848	3.029361	-5.616898	0.085554	-0.988609	-0.123826	-0.181276	-0.137652	0.973751	-0.979704	-0.060862	-0.190988
269	5854750638.000000													8.352215	1.931141	-2.192427	0.029247	-0.989269	-0.143147	-0.086753	-0.145180	0.985595	-0.995800	-0.016407	-0.090068
270	5854800650.000000													12.626529	-3.922876	-1.499824	-0.048778	-0.978576	-0.200022	0.007974	-0.200636	0.979633	-0.998778	0.046190	0.017590
271	5854850661.000000													13.127663	0.457299	-0.315817	-0.186536	-0.956076	-0.226103	0.056727	-0.240240	0.969055	-0.980809	0.167938	0.099049
272	5854900673.000000													12.344358	2.441919	3.136146	-0.258297	-0.953851	-0.153138	0.138968	-0.193555	0.971197	-0.956018	0.229576	0.182549
273	5854950684.000000													9.638897	-0.215072	0.733869	-0.293205	-0.955498	-0.032481	0.235665	-0.105158	0.966128	-0.926549	0.275619	0.256010
274	5855000696.000000													8.473762	-3.391415	-0.884998	-0.289544	-0.955114	0.062624	0.301992	-0.029072	0.952867	-0.908276	0.294809	0.296854
275	5855050707.000000													7.276321	-2.652050	0.260042	-0.274745	-0.956782	0.095306	0.303749	0.007678	0.952721	-0.912278	0.290705	0.288512
276	5855100719.000000													8.810743	2.763941	-3.651340	-0.303743	-0.952517	0.021248	0.252179	-0.058870	0.965888	-0.918774	0.298740	0.258086
277	5855150730.000000													8.746603	10.311692	-6.638305	-0.256632	-0.963790	0.072451	0.240728	0.008860	0.970552	-0.936050	0.266516	0.229737
278	5855200742.000000													9.018053	4.349905	-3.650540	-0.283548	-0.951886	0.116251	0.293747	0.029183	0.955438	-0.912860	0.305061	0.271339
279	5855250753.000000													15.346077	0.750377	1.375381	-0.250646	-0.958796	0.133745	0.244483	0.070985	0.967052	-0.936699	0.275086	0.216617
280	5855300765.000000													10.218848	-2.173417	-1.183786	-0.243863	-0.957062	0.156725	0.255558	0.092475	0.962361	-0.935532	0.274737	0.222033
281	5855350776.000000													11.514289	-2.154159	-1.854645	-0.240896	-0.966791	0.085350	0.172418	0.043912	0.984045	-0.955113	0.251769	0.156114
282	5855400788.000000													10.780663	-1.172173	-0.894262	-0.178422	-0.980489	0.082502	0.127594	0.060084	0.990005	-0.975646	0.187166	0.114385
283	5855450799.000000													8.991973	-1.816003	-2.410306	-0.136978	-0.989803	0.039077	0.053211	0.032039	0.998069	-0.989144	0.138792	0.048280
284	5855500811.000000													9.451749	-0.205783	-0.503151	-0.081084	-0.996478	-0.021380	-0.012364	-0.020443	0.999715	-0.996631	0.081325	-0.010662
285	5855550822.000000													8.970052	0.393450	-1.408304	-0.026349	-0.997661	-0.063068	-0.074179	-0.060965	0.995380	-0.996897	0.030905	-0.072399
286	5855600834.000000													8.044119	1.558876	-1.874556	0.011686	-0.998369	-0.055877	-0.115432	-0.056854	0.991687	-0.993247	-0.005138	-0.115908
287	5855650845.000000													9.980774	-0.547665	-1.577561	0.035181	-0.998149	-0.049603	-0.148907	-0.054315	0.987358	-0.988225	-0.027350	-0.150542
288	5855700857.000000													9.712608	-1.802326	-2.326230	0.066195	-0.993843	-0.088850	-0.181459	-0.099551	0.978347	-0.981168	-0.048639	-0.186931
289	5855750868.000000													9.788332	1.660681	-1.176236	0.104814	-0.981907	-0.157711	-0.187789	-0.175273	0.966444	-0.976601	-0.071680	-0.202762
290	5855800880.000000													10.524589	1.201235	-3.950347	0.104304	-0.982056	-0.157120	-0.184351	-0.174335	0.967276	-0.977310	-0.071926	-0.199227
291	5855850891.000000													9.214157	2.895899	-5.292258	0.082749	-0.984366	-0.155486	-0.133662	-0.165574	0.977098	-0.987566	-0.060071	-0.145274
292	5855900903.000000													9.341431	-0.573318	0.730380	0.038328	-0.978027	-0.204927	-0.024961	-0.205950	0.978244	-0.998953	-0.032379	-0.032306
293	5855950914.000000													13.807651	-1.089236	-2.362359	-0.069043	-0.976032	-0.206386	0.036411	-0.209207	0.977193	-0.996949	0.059953	0.049982
294	5856000926.000000													12.549132	0.339018	1.367033	-0.175330	-0.966778	-0.186011	0.097820	-0.205110	0.973838	-0.979638	0.152548	0.130532
295	5856050937.000000													11.191837	0.126781	1.654964	-0.240863	-0.966162	-0.092283	0.178002	-0.137444	0.974384	-0.954097	0.218267	0.205084
296	5856100949.000000													10.022820	-1.193634	-0.017960	-0.286436	-0.958051	-0.009617	0.244796	-0.082886	0.966025	-0.926299	0.274350	0.258269
297	5856150960.000000													7.969388	-2.111645	-0.744476	-0.301811	-0.952550	0.039486	0.287847	-0.051562	0.956287	-0.908875	0.299984	0.289750
298	5856200972.000000													7.497548	-0.637559	2.045763	-0.292633	-0.951629	0.093636	0.297507	0.002453	0.954716	-0.908766	0.307239	0.282399
299	5856250983.000000													7.470092	1.453431	-5.131605	-0.309229	-0.948105	0.073991	0.270202	-0.012996	0.962716	-0.911794	0.317692	0.260199
300	5856300994.000000													9.874379	3.691663	-4.800057	-0.295139	-0.953266	0.064625	0.232331	-0.005995	0.972618	-0.926777	0.302072	0.223243
301	5856351006.000000													8.559202	11.792068	-5.526582	-0.332848	-0.940177	0.072657	0.263967	-0.018927	0.964346	-0.905281	0.340160	0.254476
302	5856401017.000000													12.573113	-3.052015	-0.235743	-0.307566	-0.942013	0.134221	0.250678	0.055857	0.966458	-0.917913	0.330896	0.218963
303	5856451029.000000													13.354419	8.663840	-1.404127	-0.257716	-0.945086	0.200985	0.245751	0.137056	0.959595	-0.934446	0.296695	0.196934
304	5856501040.000000													9.789602	-12.903167	-3.544338	-0.261579	-0.953447	0.150051	0.188277	0.102072	0.976797	-0.946640	0.283761	0.152812
305	5856551052.000000													11.575201	4.500678	1.319635	-0.223041	-0.971962	0.074445	0.122927	0.047715	0.991268	-0.967027	0.230245	0.108838
306	5856601063.000000													9.505814	-1.724833	-2.514518	-0.168319	-0.982226	0.083074	0.070983	0.071979	0.994877	-0.983174	0.173353	0.057606
307	5856651075.000000													9.216140	-1.158376	-1.227349	-0.124019	-0.991050	0.049387	0.006063	0.049013	0.998780	-0.992261	0.124168	-0.000070
308	5856701086.000000													8.781110	0.278395	-1.632627	-0.072703	-0.997307	0.009602	-0.053450	0.013510	0.998479	-0.995920	0.072079	-0.054288
309	5856751098.000000													8.111965	1.758455	-1.686237	-0.037959	-0.999279	0.001242	-0.086234	0.004514	0.996265	-0.995552	0.037710	-0.086343
310	5856801109.000000													10.299223	-0.682998	-0.790064	-0.019785	-0.999797	0.003732	-0.120339	0.006087	0.992714	-0.992536	0.019192	-0.120435
311	5856851121.000000													8.878218	-1.975166	-1.596680	0.006683	-0.999840	-0.016592	-0.158156	-0.017440	0.987260	-0.987391	-0.003973	-0.158248
312	5856901132.000000													10.274624	-1.248872	-1.873043	0.039480	-0.996744	-0.070302	-0.179423	-0.076285	0.980810	-0.982980	-0.026109	-0.181850
313	5856951144.000000													9.843639	1.206057	-1.436903	0.061414	-0.991726	-0.112725	-0.189858	-0.122483	0.974141	-0.979889	-0.038424	-0.195810
314	5857001155.000000													10.412774	1.862121	-3.985323	0.055886	-0.991876	-0.114271	-0.172397	-0.122317	0.977404	-0.983441	-0.034923	-0.177833
315	5857051167.000000													10.202799	2.933990	-1.775779	0.024103	-0.993714	-0.109325	-0.093370	-0.111116	0.989412	-0.995340	-0.013640	-0.095461
316	5857101178.000000													8.985885	-0.415070	-1.781744	-0.026324	-0.996120	-0.083971	0.000932	-0.084024	0.996463	-0.999653	0.026153	0.003141
317	5857151190.000000													12.187263	-2.995929	-0.991040	-0.128223	-0.988568	-0.079328	0.072523	-0.089120	0.993377	-0.989090	0.121621	0.083121
318	5857201201.000000													12.292553	-0.759149	0.435953	-0.203582	-0.976922	-0.064636	0.129280	-0.092264	0.987306	-0.970485	0.192642	0.145080
319	5857251213.000000													11.163552	-0.231923	0.022652	-0.264146	-0.963585	-0.041602	0.177520	-0.090970	0.979904	-0.948005	0.251453	0.195085
320	5857301224.000000													10.058753	-0.921071	1.065465	-0.287080	-0.957905	-0.001870	0.213555	-0.065904	0.974706	-0.933798	0.279419	0.223485
321	5857351236.000000													8.851295	0.576587	1.881404	-0.271497	-0.958683	0.084946	0.242220	0.017358	0.970066	-0.931461	0.283946	0.227499
322	5857401247.000000													7.443812	2.056488	-2.621731	-0.255640	-0.948899	0.185037	0.252844	0.119112	0.960147	-0.933123	0.292237	0.209474
323	5857451259.000000													9.865232	-0.820549	-2.908430	-0.262708	-0.942375	0.207159	0.243328	0.143055	0.959337	-0.933690	0.302433	0.191725
324	5857501270.000000													9.965548	6.256263	-0.868704	-0.196920	-0.938430	0.283852	0.237564	0.235221	0.942462	-0.951202	0.253023	0.176617
325	5857551282.000000													8.568403	8.018847	-7.281668	-0.159499	-0.890298	0.426531	0.272134	0.375669	0.885898	-0.948948	0.257374	0.182362
326	5857601293.000000													8.861879	-3.874663	-2.873489	-0.160231	-0.819679	0.549957	0.299850	0.490407	0.818285	-0.940434	0.296020	0.167202
327	5857651305.000000													13.296744	0.822366	2.545086	-0.152692	-0.768306	0.621604	0.240184	0.581272	0.777454	-0.958643	0.268011	0.095779
328	5857701316.000000													11.304707	0.747506	1.525715	-0.133874	-0.714739	0.686459	0.256962	0.643967	0.720609	-0.957104	0.272865	0.097451
329	5857751328.000000													8.908134	-4.343361	-5.159907	-0.121552	-0.703742	0.699980	0.190787	0.675495	0.712255	-0.974077	0.220123	0.052157
330	5857801339.000000													10.288571	3.779337	-1.737090	-0.112515	-0.710890	0.694245	0.144018	0.679636	0.719273	-0.983158	0.180913	0.025912
331	5857851351.000000													9.211019	1.428179	-1.109372	-0.085571	-0.649870	0.755213	0.112883	0.746788	0.655412	-0.989917	0.141335	0.009456
332	5857901362.000000													9.588024	-0.583191	-1.579900	-0.073007	-0.573763	0.815761	0.079162	0.812030	0.578223	-0.994185	0.106792	-0.013863
333	5857951374.000000													9.178328	0.376394	-1.655714	-0.058306	-0.515612	0.854836	0.057651	0.853125	0.518512	-0.996633	0.079515	-0.020017
334	5858001385.000000													9.188703	0.375731	-1.743938	-0.056368	-0.438399	0.897011	0.044109	0.896469	0.440906	-0.997435	0.064419	-0.031195
335	5858051397.000000													10.165817	-0.777515	-1.573345	-0.065817	-0.363564	0.929241	0.032556	0.929982	0.366160	-0.997300	0.054352	-0.049372
336	5858101408.000000													9.745533	-0.472541	-0.731032	-0.065509	-0.256536	0.964312	0.019839	0.965862	0.258296	-0.997655	0.036052	-0.058184
337	5858151419.000000													9.868214	-1.150850	-2.044028	-0.072338	-0.120348	0.990093	0.009067	0.992573	0.121312	-0.997339	0.017752	-0.070710
338	5858201431.000000													9.858150	-2.359034	-1.698266	-0.084931	-0.021555	0.996154	0.000866	0.999764	0.021707	-0.996386	0.002707	-0.084892
339	5858251442.000000													9.284435	-0.190222	-1.637002	-0.099069	0.059077	0.993325	0.002878	0.998249	-0.059083	-0.995076	-0.002994	-0.099065
340	5858301454.000000													9.635069	-0.614301	-1.616796	-0.112267	0.150995	0.982139	0.014453	0.988531	-0.150326	-0.993573	-0.002682	-0.113162
341	5858351465.000000													10.127671	-1.261610	-1.383919	-0.124675	0.238943	0.962996	0.030146	0.971033	-0.237035	-0.991740	-0.000522	-0.128266
342	5858401477.000000													9.779069	0.407159	-2.312996	-0.136435	0.335041	0.932273	0.060380	0.942136	-0.329749	-0.988807	0.011302	-0.148770
343	5858451488.000000													10.438716	-0.549995	-1.754945	-0.137770	0.398773	0.906642	0.090648	0.916605	-0.389381	-0.986307	0.028540	-0.162429
344	5858501500.000000													9.067656	3.529550	-2.837888	-0.132742	0.481850	0.866141	0.123142	0.875121	-0.467974	-0.983471	0.044538	-0.175501
345	5858551511.000000													9.903546	0.430683	-3.144749	-0.130132	0.582477	0.802363	0.160721	0.810934	-0.562632	-0.978384	0.055741	-0.199145
346	5858601523.000000													10.049676	1.023387	-3.294566	-0.116687	0.688395	0.715888	0.173850	0.723841	-0.667706	-0.977834	0.046545	-0.204141
347	5858651534.000000													9.413184	0.492932	-3.493988	-0.108047	0.798898	0.591682	0.162704	0.601352	-0.782242	-0.980741	0.011750	-0.194959
348	5858701546.000000													9.312398	1.148801	-1.566777	-0.101099	0.893062	0.438428	0.141465	0.449113	-0.882205	-0.984767	-0.027168	-0.171742
349	5858751557.000000													9.073928	1.485734	-0.152962	-0.087276	0.962724	0.256020	0.127891	0.265702	-0.955535	-0.987941	-0.050653	-0.146313
350	5858801569.000000													9.537577	0.546876	-1.126021	-0.084828	0.990146	0.111420	0.118845	0.121080	-0.985503	-0.989283	-0.070357	-0.127945
351	5858851580.000000													9.259422	-1.832278	-1.742122	-0.091388	0.992536	0.080751	0.101843	0.089980	-0.990723	-0.990594	-0.082316	-0.109306
352	5858901592.000000													10.859062	0.362513	0.015135	-0.085365	0.986299	0.141165	0.067256	0.147063	-0.986838	-0.994077	-0.074748	-0.078888
353	5858951603.000000													11.181054	4.993521	1.664060	-0.058425	0.991436	0.116797	0.041416	0.119303	-0.991994	-0.997432	-0.053120	-0.048032
354	5859001615.000000													9.759292	-1.790821	-2.454200	-0.044650	0.996873	0.065195	0.020183	0.066147	-0.997606	-0.998799	-0.043227	-0.023073
355	5859051626.000000													10.265731	-0.850770	-0.129043	-0.014938	0.995454	0.094069	-0.015682	0.093834	-0.995464	-0.999765	-0.016346	0.014209
356	5859101638.000000													8.917536	1.467871	0.079552	0.007480	0.996695	0.080890	-0.046493	0.081151	-0.995617	-0.998891	0.003686	0.046947
357	5859151649.000000													9.176296	-0.160081	-2.319228	0.007397	0.999960	0.004977	-0.065937	0.005454	-0.997809	-0.997796	0.007053	0.065975
358	5859201661.000000													10.257413	-3.749521	-1.670197	0.011908	0.999929	-0.001018	-0.082156	-0.000036	-0.996620	-0.996548	0.011952	0.082149
359	5859251672.000000													10.152970	-0.613949	-0.484506	0.026759	0.999221	0.029020	-0.098647	0.031528	-0.994623	-0.994763	0.023753	0.099414
360	5859301684.000000													10.128832	-0.875431	-0.608095	0.040019	0.998812	0.027805	-0.122881	0.032535	-0.991888	-0.991614	0.036278	0.124037
361	5859351695.000000													9.996076	-1.070723	-0.868434	0.069388	0.996515	0.046297	-0.150702	0.056347	-0.986972	-0.986141	0.061507	0.154087
362	5859401707.000000													9.335655	0.230214	-0.994287	0.095580	0.993787	0.057033	-0.174706	0.073153	-0.981899	-0.979971	0.083886	0.180613
363	5859451718.000000													9.486271	-1.474751	-0.955601	0.112163	0.992271	0.053079	-0.194232	0.074279	-0.978139	-0.974522	0.099402	0.201062
364	5859501730.000000													10.194846	-1.886346	-0.290815	0.131963	0.988066	0.079441	-0.208883	0.106061	-0.972172	-0.968996	0.111697	0.220387
365	5859551741.000000													9.960772	-0.232449	0.285101	0.154163	0.981941	0.109662	-0.214610	0.141618	-0.966378	-0.964457	0.125445	0.232566
366	5859601753.000000													10.394986	-1.059655	-1.643915	0.161863	0.978082	0.130980	-0.218195	0.164918	-0.961869	-0.962388	0.127112	0.240107
367	5859651764.000000													11.063582	0.720595	-2.805274	0.167691	0.971387	0.168187	-0.206782	0.201466	-0.957420	-0.963909	0.125772	0.234649
368	5859701776.000000													8.988597	2.798727	-3.081062	0.139528	0.976277	0.165577	-0.168563	0.188190	-0.967559	-0.975765	0.107092	0.190822
369	5859751787.000000													8.868290	2.062325	-0.840238	0.081845	0.982347	0.168216	-0.081487	0.174813	-0.981224	-0.993308	0.066600	0.094356
370	5859801799.000000													10.773348	-2.091556	-1.813468	0.012914	0.983580	0.180008	0.004009	0.179970	-0.983664	-0.999909	0.013424	-0.001619
371	5859851810.000000													12.237601	-1.737581	-1.052763	-0.099356	0.976256	0.192490	0.061100	0.199068	-0.978079	-0.993174	-0.085417	-0.079428
372	5859901821.000000													12.083570	1.884365	1.249982	-0.180949	0.976934	0.113390	0.123138	0.136891	-0.982903	-0.975753	-0.163893	-0.145068
373	5859951833.000000													10.155064	0.504905	0.170722	-0.220221	0.975362	-0.013073	0.203726	0.032883	-0.978476	-0.953938	-0.218144	-0.205948
374	5860001844.000000													8.556186	-1.462767	-1.372007	-0.241128	0.965176	-0.101452	0.264853	-0.035124	-0.963649	-0.933654	-0.259233	-0.247160
375	5860051856.000000													8.349570	-3.329156	-1.286399	-0.261796	0.959119	-0.107487	0.275617	-0.032435	-0.960720	-0.924931	-0.281138	-0.255858
376	5860101867.000000													7.321380	1.948960	-0.701642	-0.258313	0.962568	-0.082083	0.261131	-0.012233	-0.965226	-0.930099	-0.270765	-0.248197
377	5860151879.000000													8.954925	2.890028	-5.376100	-0.281205	0.958657	-0.043599	0.223387	0.021207	-0.974499	-0.933286	-0.283773	-0.220115
378	5860201890.000000													8.485884	10.800353	-6.578664	-0.274362	0.958712	-0.074817	0.217561	-0.013901	-0.975948	-0.936693	-0.284040	-0.204764
379	5860251902.000000													11.695942	2.069314	-1.335687	-0.276665	0.949910	-0.145355	0.258807	-0.072017	-0.963241	-0.925459	-0.304114	-0.225919
380	5860301913.000000													14.378447	3.269413	-0.093286	-0.233475	0.953580	-0.190197	0.239240	-0.133256	-0.961773	-0.942472	-0.270052	-0.197023
381	5860351925.000000													10.733867	-10.934164	-2.584546	-0.239012	0.962673	-0.127017	0.181557	-0.084196	-0.979769	-0.953892	-0.257237	-0.154656
382	5860401936.000000													11.393484	6.508708	2.174787	-0.191135	0.976749	-0.097104	0.114077	-0.076153	-0.990549	-0.974912	-0.200406	-0.096869
383	5860451948.000000													9.069891	-3.569091	-3.886254	-0.133035	0.983870	-0.119593	0.060396	-0.112393	-0.991827	-0.989270	-0.139170	-0.044469
384	5860501959.000000													9.167876	-1.055125	-2.251882	-0.091649	0.994603	-0.048635	-0.009743	-0.049734	-0.998715	-0.995744	-0.091058	0.014249
385	5860551971.000000													8.497432	1.619040	-1.483797	-0.041542	0.998862	0.023415	-0.060280	0.020886	-0.997963	-0.997317	-0.042868	0.059344
386	5860601982.000000													8.905910	0.458655	-0.876543	-0.009957	0.998986	0.043907	-0.094886	0.042767	-0.994569	-0.995438	-0.014069	0.094364
387	5860651994.000000													9.985490	-0.553121	-0.240998	0.017138	0.999022	0.040763	-0.133442	0.042690	-0.990137	-0.990908	0.011530	0.134043
388	5860702005.000000													8.867029	-0.883838	-1.940194	0.043239	0.998657	0.028558	-0.173724	0.035665	-0.984148	-0.983845	0.037592	0.175033
389	5860752017.000000													10.528583	-1.227157	-2.519437	0.073988	0.994544	0.073538	-0.200401	0.087063	-0.975838	-0.976916	0.057463	0.205749
390	5860802028.000000													9.825315	0.568974	-1.560341	0.112286	0.984122	0.137463	-0.202252	0.158077	-0.966491	-0.972875	0.080721	0.216791
391	5860852040.000000													9.737043	3.529222	-4.291767	0.106621	0.985275	0.133660	-0.178937	0.151245	-0.972166	-0.978066	0.079737	0.192428
392	5860902051.000000													8.786222	2.213041	-3.107472	0.063669	0.985422	0.157762	-0.088807	0.163050	-0.982613	-0.994012	0.048552	0.097893
393	5860952063.000000													11.337976	-2.813571	-0.144397	-0.009892	0.981661	0.190376	0.007334	0.190452	-0.981669	-0.999924	-0.008314	-0.009083
394	5861002074.000000													13.754932	-0.902795	-1.148415	-0.132362	0.968991	0.208654	0.068307	0.218923	-0.973348	-0.988845	-0.114582	-0.095166
395	5861052086.000000													11.850307	1.125861	1.916749	-0.220738	0.961954	0.160995	0.132872	0.193187	-0.972123	-0.966240	-0.193192	-0.170460
396	5861102097.000000													10.042203	0.201809	1.000989	-0.274189	0.959620	0.062853	0.205295	0.122259	-0.971034	-0.939507	-0.253344	-0.230527
397	5861152109.000000													8.853862	-1.261166	-0.496059	-0.283118	0.958668	-0.028286	0.268500	0.050912	-0.961933	-0.920735	-0.279936	-0.271816
398	5861202120.000000													8.678607	-3.165977	-0.000851	-0.292369	0.952128	-0.089285	0.286090	-0.002005	-0.958201	-0.912509	-0.305692	-0.271808
399	5861252132.000000													7.665677	0.671147	-1.792763	-0.273829	0.956705	-0.098659	0.268707	-0.022394	-0.962961	-0.923479	-0.290198	-0.250941
400	5861302143.000000													10.244478	1.841105	-3.129940	-0.273567	0.959715	-0.064096	0.229089	0.000291	-0.973405	-0.934173	-0.280976	-0.219940
401	5861352155.000000													7.334852	10.960281	-7.921195	-0.271196	0.959771	-0.072747	0.224057	-0.010555	-0.974519	-0.936083	-0.280585	-0.212181
402	5861402166.000000													12.604166	1.493325	0.041654	-0.285123	0.951544	-0.115191	0.255279	-0.040450	-0.966021	-0.923871	-0.304841	-0.231376
403	5861452178.000000													12.883663	4.092021	-0.485223	-0.235401	0.956700	-0.171206	0.242471	-0.112776	-0.963582	-0.941166	-0.268341	-0.205424
404	5861502189.000000													11.043457	-9.526029	-2.753550	-0.243027	0.959746	-0.140806	0.197797	-0.093077	-0.975814	-0.949639	-0.265001	-0.167215
405	5861552201.000000													10.581903	4.207612	1.209779	-0.202838	0.975411	-0.086194	0.137590	-0.058760	-0.988745	-0.969498	-0.212415	-0.122288
406	5861602212.000000													9.408994	-1.874401	-2.851814	-0.163992	0.982721	-0.085829	0.092695	-0.071270	-0.993141	-0.982097	-0.170823	-0.079406
407	5861652224.000000													9.271398	-1.368857	-1.376409	-0.125748	0.990663	-0.052673	0.044819	-0.047367	-0.997872	-0.991049	-0.127841	-0.038444
408	5861702235.000000													9.574990	-0.108233	-0.985425	-0.090201	0.995852	-0.011976	0.002481	-0.011800	-0.999927	-0.995920	-0.090224	-0.001407
409	5861752246.000000													8.580130	0.418251	-1.561704	-0.062640	0.997953	0.012908	-0.026955	0.011237	-0.999573	-0.997672	-0.062961	0.026196
410	5861802258.000000													9.563706	0.408489	-0.540602	-0.045218	0.998865	0.014983	-0.046816	0.012863	-0.998821	-0.997880	-0.045866	0.046181
411	5861852269.000000													9.710730	-0.933083	-0.322316	-0.027622	0.999598	-0.006460	-0.071852	-0.008431	-0.997380	-0.997033	-0.027085	0.072056
412	5861902281.000000													9.620128	-2.096729	-1.735837	-0.013541	0.999875	-0.008219	-0.096659	-0.009491	-0.995272	-0.995225	-0.012682	0.096775
413	5861952292.000000													10.016072	-0.754587	-0.859521	0.000995	0.999630	0.027184	-0.116974	0.027114	-0.992765	-0.993134	-0.002192	0.116958
414	5862002304.000000													9.890883	-0.346948	-1.147037	0.012974	0.999506	0.028642	-0.123797	0.030029	-0.991853	-0.992223	0.009323	0.124125
415	5862052315.000000													10.166040	-1.185249	-2.962329	0.007564	0.998718	0.050043	-0.122884	0.050593	-0.991131	-0.992392	0.001347	0.123110
416	5862102327.000000													9.397519	0.186775	-1.486106	0.005315	0.995643	0.093094	-0.082129	0.093216	-0.992253	-0.996608	-0.002372	0.082266
417	5862152338.000000													10.073921	1.943314	2.417572	0.013700	0.991981	0.125645	-0.020232	0.125906	-0.991836	-0.999701	0.011046	0.021795
418	5862202350.000000													7.666054	0.100592	-0.235287	0.005394	0.993103	0.117124	0.039612	0.116822	-0.992363	-0.999201	0.009992	-0.038708
419	5862252361.000000													10.819903	-1.245876	0.716363	-0.019731	0.993063	0.115916	0.090970	0.117240	-0.988928	-0.995658	-0.008968	-0.092652
420	5862302373.000000													11.818373	-1.114922	1.137825	-0.058058	0.989932	0.129085	0.124778	0.135485	-0.982891	-0.990485	-0.040958	-0.131388
421	5862352384.000000													10.547614	-0.937059	1.296701	-0.097007	0.985662	0.138059	0.140111	0.150856	-0.978576	-0.985372	-0.075585	-0.152736
422	5862402396.000000													10.052163	0.171144	2.005200	-0.105025	0.986807	0.123216	0.150422	0.138240	-0.978909	-0.983027	-0.084275	-0.162956
423	5862452407.000000													9.468595	0.714530	0.954271	-0.102528	0.991794	0.076369	0.147103	0.091047	-0.984922	-0.983793	-0.089748	-0.155231
424	5862502419.000000													9.677023	-0.502115	-0.554757	-0.096224	0.994320	0.045492	0.138020	0.058591	-0.988695	-0.985744	-0.088857	-0.142873
425	5862552430.000000													9.865356	0.209044	-0.880688	-0.096243	0.994379	0.044137	0.119681	0.055582	-0.991255	-0.988137	-0.090119	-0.124357
426	5862602442.000000													9.144078	3.452524	-1.063976	-0.101041	0.992971	0.061634	0.111077	0.072823	-0.991140	-0.988662	-0.093300	-0.117654
427	5862652453.000000													9.902223	0.904199	-1.619184	-0.095067	0.994407	0.046003	0.114841	0.056859	-0.991755	-0.988824	-0.089000	-0.119604
428	5862702465.000000													9.626251	0.487890	-0.541701	-0.095341	0.993337	0.064750	0.101245	0.074385	-0.992077	-0.990283	-0.088030	-0.107662
429	5862752476.000000													11.052821	1.176817	0.842632	-0.079098	0.994162	0.073387	0.072802	0.079182	-0.994198	-0.994205	-0.073296	-0.078640
430	5862802488.000000													10.005375	1.287119	-1.197613	-0.067158	0.997418	0.025452	0.048034	0.028712	-0.998433	-0.996585	-0.065830	-0.049838
431	5862852499.000000													10.039961	-1.597429	-0.120787	-0.048161	0.998729	0.014897	0.019969	0.015874	-0.999675	-0.998640	-0.047848	-0.020708
432	5862902511.000000													9.243756	-0.297697	-1.340357	-0.038040	0.998268	0.044882	-0.002580	0.044816	-0.998992	-0.999273	-0.038117	0.000871
433	5862952522.000000													9.580497	0.545301	-0.153529	-0.029225	0.997340	0.066776	-0.016741	0.066307	-0.997659	-0.999433	-0.030275	0.014759
434	5863002534.000000													9.820282	-0.415353	0.162921	-0.027211	0.997889	0.058962	-0.028688	0.058180	-0.997894	-0.999218	-0.028846	0.027045
435	5863052545.000000													9.806682	-0.793378	0.211241	-0.020812	0.998915	0.041660	-0.038463	0.040838	-0.998425	-0.999043	-0.022381	0.037571
436	5863102557.000000													9.771029	-1.188020	-0.517632	-0.020826	0.999676	0.014650	-0.046604	0.013666	-0.998820	-0.998696	-0.021484	0.046304
437	5863152568.000000													9.930819	-1.488842	-0.353247	-0.020644	0.999767	-0.006289	-0.052721	-0.007370	-0.998582	-0.998396	-0.020283	0.052861
438	5863202580.000000													9.882339	-1.720662	-0.675121	-0.021315	0.999552	-0.020998	-0.055802	-0.022159	-0.998196	-0.998214	-0.020104	0.056249
439	5863252591.000000													9.938239	-1.527426	-0.924027	-0.021329	0.999525	-0.022246	-0.058265	-0.023456	-0.998026	-0.998073	-0.019991	0.058738
440	5863302603.000000													9.898956	-1.166098	-0.972632	-0.018802	0.999729	-0.013710	-0.059808	-0.014813	-0.998100	-0.998033	-0.017946	0.060070
441	5863352614.000000													9.789666	-0.743391	-0.581146	-0.017472	0.999837	-0.004606	-0.059309	-0.005635	-0.998224	-0.998087	-0.017168	0.059398
442	5863402626.000000													9.835418	-1.138895	-0.012601	-0.019885	0.999791	0.004703	-0.056393	0.003575	-0.998402	-0.998211	-0.020118	0.056310
443	5863452637.000000													10.030690	-0.946717	-0.136931	-0.025911	0.999594	0.011872	-0.053482	0.010473	-0.998514	-0.998233	-0.026507	0.053189
444	5863502649.000000													9.880025	-0.768025	0.247505	-0.022232	0.999701	0.010141	-0.052490	0.008962	-0.998581	-0.998374	-0.022733	0.052275
445	5863552660.000000													9.726336	-0.623022	-0.091340	-0.020287	0.999791	0.002412	-0.051827	0.001357	-0.998655	-0.998450	-0.020385	0.051789
446	5863602671.000000													9.835476	-0.489167	-0.670621	-0.018029	0.999783	0.010396	-0.049782	0.009487	-0.998715	-0.998597	-0.018523	0.049600
447	5863652683.000000													9.811142	-0.502287	-0.261793	-0.016051	0.999505	0.027063	-0.045626	0.026306	-0.998612	-0.998830	-0.017264	0.045181
448	5863702694.000000													9.980498	-0.355385	-0.081122	-0.014668	0.999377	0.032110	-0.044038	0.031437	-0.998535	-0.998922	-0.016061	0.043549
449	5863752706.000000													9.946609	-0.689900	0.034572	-0.012265	0.999511	0.028777	-0.045811	0.028187	-0.998552	-0.998875	-0.013566	0.045443
